17.702 8.16858
6.45161 4.66536
18.3685 4.50758
5.32975 4.43464
19.4281 8.88577
2.04962 6.59444
4.1493 8.33979
7.21519 9.96796
19.5538 6.83645
5.4561 5.71581
19.5965 4.44563
3.18247 8.95108
2.49947 6.6863
0.449232 0.567644
4.1731 7.83013
1.73223 2.45613
3.58776 7.66717
1.78655 4.51247
1.23234 8.65017
0.0970489 3.31034
19.66 8.83236
17.434 5.66942
16.3048 6.20502
19.3377 5.54369
7.0101 5.72802
6.34663 5.04013
8.79177 6.66982
4.87747 7.16849
2.83273 4.83413
18.0493 8.02087
9.58892 8.30256
17.8118 7.57622
7.69616 8.35261
18.7335 4.28266
18.1158 8.2696
5.50554 5.38438
1.2714 7.50175
1.66326 8.05597
0.160527 7.99097
8.21253 9.15067
3.29783 5.22111
9.31547 9.87579
3.70006 8.62331
3.32041 6.02008
2.41829 9.75616
0.0170904 1.86071
5.2205 4.03699
17.3547 5.31083
4.32325 6.56209
3.85815 5.09934
15.6969 7.60155
0.186163 4.19446
9.57488 9.13846
16.4794 7.84906
6.31855 5.17869
5.01785 8.63369
2.54707 7.83441
2.31208 1.68584
1.81585 4.92965
8.81008 9.80621
6.44307 6.03107
6.41499 4.95956
1.88116 9.02554
4.92569 6.74734
19.574 9.69054
2.20222 6.10584
18.7738 3.08084
0.650044 7.43309
10.9726 9.14884
3.67565 6.31001
19.1363 1.89581
18.6047 8.34437
7.22251 6.27033
9.6231 7.89026
16.2139 8.26441
19.953 6.19098
9.55901 8.4637
1.24088 4.8497
19.375 4.06049
3.69457 6.61153
7.51244 5.79882
1.75359 2.1189
1.63701 4.78561
3.02255 3.08573
19.4171 2.57515
17.1123 9.34538
16.7125 9.46776
19.7186 8.02911
17.8399 4.74715
5.31938 5.05875
8.25404 9.35179
10.2634 7.89697
1.76153 8.30012
2.59835 8.42189
18.2733 9.65941
19.8541 1.16947
7.28782 5.59771
5.31449 4.56709
0.42848 4.67666
0.817896 4.73739
16.3018 8.29188
8.36146 6.42109
16.9012 5.69781
0.385144 4.26099
1.6364 1.83325
17.2301 8.58028
4.75539 4.37025
18.0145 5.14939
19.3811 5.64074
5.25468 4.72182
18.4014 9.69878
9.12809 6.64632
5.39018 8.22474
19.9023 3.03049
0.814844 3.83343
19.5019 8.99777
3.50963 8.47774
0.717185 5.91296
13.1895 9.63103
0.764794 9.77416
18.7237 9.51628
1.38859 2.05359
17.6714 4.28449
0.862453 9.87732
19.6899 4.21705
2.33345 7.82891
16.9518 6.08325
19.2016 6.4742
6.04022 5.90747
17.3724 8.77926
19.9335 6.74398
16.6143 8.15546
17.636 4.35743
18.2727 9.26298
19.0313 5.58641
11.4225 8.85342
5.20951 5.07218
5.37492 6.87094
0.339976 0.97293
0.192877 6.26942
18.8372 9.14365
10.6925 8.7054
6.85141 7.77734
0.919828 5.50218
8.30348 9.66277
3.89599 9.59258
2.23701 6.34236
12.0371 9.89837
18.2495 6.12873
8.45607 8.11609
0.649434 1.78289
18.0963 9.65453
7.34703 9.97711
6.72384 9.18729
0.344249 7.62993
3.25999 2.67342
12.7128 9.20896
15.6359 7.38365
9.61272 7.51457
6.03595 8.17713
4.47401 9.54924
3.44554 6.62679
4.53993 7.07572
18.1463 4.00861
1.81219 6.63839
1.10782 9.31455
3.69762 5.63707
3.03659 7.9104
19.4354 5.97125
1.94647 5.70544
2.55928 6.15925
17.9498 6.38417
10.4105 9.26389
8.76186 7.90979
6.8215 5.45671
6.59871 6.07624
18.8989 9.81964
10.875 8.80428
3.6549 7.0333
5.2913 4.94797
16.4299 6.04816
3.06284 9.12351
2.22419 8.65078
19.0362 2.36763
10.5106 9.25321
2.77657 3.78216
3.28562 3.61217
8.02515 9.99634
1.43193 4.82894
15.7543 7.39219
6.82516 5.02762
8.21253 9.47081
18.1951 6.16535
18.4832 2.73507
7.75475 8.83267
5.95782 8.32362
19.1034 2.68777
19.9506 7.76452
2.43843 8.05902
3.98389 9.75036
1.43132 4.52681
19.3664 9.30357
11.9187 9.26267
4.86892 4.11908
1.19144 5.69109
8.95596 7.9461
9.51567 9.47966
1.68401 7.89209
9.52422 9.32493
5.69658 7.69494
1.60527 5.62029
18.8562 9.72411
18.3679 8.2522
18.9117 5.05081
9.43388 7.31223
7.53685 9.30448
0.170293 4.26374
4.71267 9.86785
6.93503 6.74184
18.8824 1.93548
18.919 5.21775
2.18451 1.88513
4.14502 5.64592
18.001 8.60225
0.26368 1.54363
7.77734 8.09595
17.8655 4.03058
17.7654 5.57176
12.8318 9.99237
0.200812 9.94049
0.322886 2.43355
5.98834 5.22538
0.95584 2.60506
4.32508 5.29679
0.617695 2.71462
19.2523 9.72472
4.55824 5.02335
7.37388 7.64824
8.69839 7.81762
8.80642 6.49251
4.12976 5.23118
9.73479 7.20237
1.0065 7.8753
0.625019 1.00406
0.980255 2.88003
2.34993 4.23872
18.8916 6.81845
4.31898 9.43724
0.155034 8.85067
6.44002 6.32862
2.40974 9.33592
14.713 9.5114
0.19715 1.68798
0.26368 5.47502
8.18567 9.78118
2.13507 7.52525
4.43312 8.33705
17.9388 9.08689
0.340587 8.95352
4.94949 9.38475
19.9567 7.99432
16.5246 8.39076
4.55336 9.45311
5.21989 7.80908
2.51778 3.27799
0.615253 5.28611
5.53728 5.77074
9.74456 9.60112
17.9852 5.65813
18.9874 2.19367
4.27625 4.20667
5.69475 6.28315
0.606708 8.75179
1.83599 8.21406
3.10617 8.28913
1.75054 7.22739
4.30616 6.12568
17.5542 6.73971
10.9134 9.04508
18.5583 3.86181
18.3081 6.12964
7.57775 7.17582
16.151 8.2281
4.07849 9.45433
1.39164 1.40904
5.27787 5.43779
6.03168 4.70443
2.28828 4.30097
1.10233 6.02069
18.576 3.99854
16.5526 9.86816
10.8084 9.47691
10.7346 7.91711
19.2773 2.31544
4.31837 5.81469
19.7052 4.0315
7.41173 9.78088
12.1244 9.29991
3.08054 9.3646
12.0762 9.22849
8.16004 9.08567
3.81542 5.36912
18.1671 4.185
0.819727 6.06464
6.58528 6.88162
5.60381 7.61467
17.1276 6.32008
2.50374 4.87472
19.0173 4.4377
7.98669 9.84222
7.6632 9.9649
8.25892 8.3343
0.72512 0.621052
0.0952177 5.77166
2.68258 8.80459
3.41258 8.70663
1.71087 9.15342
4.88662 5.77258
0.702536 3.24259
2.71737 8.02667
17.1831 7.27653
17.1484 5.07523
0.310678 7.73156
17.5402 6.1272
4.63759 4.90616
1.60222 5.71398
17.6196 6.59444
17.0898 5.19242
15.0304 9.46776
9.38993 7.2161
4.2201 4.7734
2.09357 5.58153
9.22391 7.52403
0.126347 9.76592
19.0051 6.73147
0.436415 9.11588
12.4729 9.85656
19.5782 5.40147
1.40019 6.61245
2.89315 6.85598
1.40873 5.78661
19.0558 3.97443
7.57591 9.35545
0.717185 2.81106
1.32084 6.74184
4.99771 7.65252
3.20933 9.70122
3.87158 8.72433
16.2749 6.94571
2.24677 7.36381
17.6818 6.65212
9.52361 6.83309
6.65731 4.98642
7.52403 9.63988
0.0726341 5.82659
18.6157 5.93432
1.94098 7.72942
7.22556 7.10227
9.26237 7.01346
6.16108 5.87634
16.845 9.91516
10.228 7.45384
1.94098 8.03552
4.78591 6.83279
3.28623 3.39244
5.46892 4.26099
19.5929 3.21665
7.05466 5.60442
8.20765 9.88067
5.58123 5.30656
11.6074 8.52046
0.306406 8.32698
15.117 8.80734
17.6623 6.64388
7.23655 5.86505
0.320444 0.509049
11.4591 8.35322
18.7475 3.40312
7.4929 9.30357
12.4564 9.60326
17.2118 5.07736
8.80154 8.94314
17.2619 8.17713
1.5247 3.02896
10.3671 8.9816
0.861843 1.66814
7.70104 6.66768
7.97143 8.13807
3.02683 5.20798
18.9062 9.93561
6.54866 5.04563
1.84942 5.03708
6.06952 8.10633
0.356456 5.59435
5.36271 8.95779
5.32792 9.77447
6.80074 6.46535
16.4684 7.51396
16.9793 6.3976
6.6567 6.09363
0.985137 8.85434
5.98346 8.70724
9.57915 9.01975
6.0683 8.30103
18.7683 7.4926
16.148 9.67009
16.4696 9.44853
17.8057 9.4818
9.84954 7.3043
6.30085 9.43724
5.14481 8.91415
0.0958281 7.43583
8.21619 8.96603
1.24454 9.3997
19.0368 1.74169
6.27094 6.85293
13.0155 9.74639
9.10245 8.19025
4.3202 5.59252
18.8971 3.63964
8.27296 7.39525
8.99319 8.31599
6.46748 5.06363
5.63128 4.51613
7.39891 5.65203
19.4409 8.02606
16.5667 9.43083
1.39714 3.44279
17.0598 9.41801
9.96063 8.58943
8.72707 7.97662
2.79855 4.2082
8.09046 9.64965
17.5036 8.66268
4.07239 4.24421
18.8067 7.1807
3.76598 4.21369
9.67254 9.86633
19.7198 2.29835
19.4238 2.32246
10.2792 8.86471
5.72954 4.10291
18.7573 5.46464
19.6417 8.84732
1.35136 7.89392
3.36436 9.72655
4.18287 5.67705
15.2544 9.60875
11.9749 9.32707
3.99731 4.10474
0.598163 6.68294
19.2914 2.67281
16.3414 6.44856
0.358287 6.91
4.60524 5.87024
2.86691 4.43739
9.5114 6.8508
6.14032 6.99118
4.42457 6.43361
3.32041 8.37184
19.519 1.24546
16.0363 8.70968
7.32078 5.51012
6.45711 8.50612
18.2196 9.60356
6.18427 6.76962
0.575579 9.14274
0.332652 1.88421
14.677 8.923
18.5009 3.95764
1.37944 5.17197
19.4958 5.54765
2.17414 5.23667
19.4287 8.33125
6.69698 6.06281
7.43309 7.28202
19.2077 4.6147
2.25105 7.55333
10.7944 7.79168
0.668355 7.37053
18.6346 6.12171
7.30674 9.1998
7.54295 7.02506
1.67364 8.94681
5.80401 7.94977
8.37489 7.32383
18.7829 2.67891
2.31758 8.41914
2.94198 6.15284
1.17985 6.84591
18.6602 3.25541
19.5154 2.11158
4.77187 9.88189
18.0145 9.12076
0.282601 8.16645
8.17774 6.89077
0.187384 0.711081
0.740379 7.33848
10.6558 8.73836
0.759301 3.90332
1.10294 8.46583
16.5062 9.82086
0.385144 8.27967
9.77569 8.98801
0.803858 4.87747
17.7587 5.54064
3.39793 3.36589
2.86447 3.56883
11.8674 9.56175
0.748924 6.25935
17.0562 9.67223
7.94092 7.0394
9.43022 9.30021
3.76843 7.27439
1.18961 2.84005
7.95679 9.45524
3.26853 4.04096
8.88028 8.19452
2.08441 7.48802
5.5562 6.61641
3.51512 8.5284
0.287484 8.98221
16.0192 9.51079
17.257 7.30247
3.12082 7.68853
19.8645 1.15513
2.93222 5.44389
14.9309 9.50468
3.53099 3.92407
1.67547 5.07523
1.89337 9.82238
4.00647 9.20957
1.65654 7.79687
3.60424 8.89767
7.49718 5.36912
0.599384 2.90902
7.72912 6.57613
1.84576 7.79748
0.705588 9.3762
17.1239 8.26807
4.44533 8.98801
0.368053 6.90847
9.50407 6.8685
5.84307 7.96045
0.21424 2.88278
19.751 8.38496
6.12568 7.40989
17.4755 9.0286
17.7923 8.25831
2.39204 5.40574
0.201422 6.10675
5.30473 6.5273
8.93765 9.95239
8.95291 8.3462
16.6216 6.99179
0.673849 1.79968
17.8527 9.96979
3.22764 4.94766
8.21924 7.31742
8.70144 9.75555
3.74584 8.11335
15.7414 8.01141
1.32511 3.22916
19.4885 5.22629
5.55071 8.77407
10.3494 8.8876
5.12284 5.50462
16.1071 7.73186
18.5022 9.7232
1.53264 3.17209
5.6679 6.15558
5.65874 4.21705
8.71303 9.39879
18.1231 5.244
8.56166 6.7394
17.2204 4.86282
15.7598 9.89868
2.23884 7.90613
5.78082 9.28892
3.52062 2.86416
4.96475 8.74691
10.3592 8.18751
6.59139 7.42668
0.619526 2.82296
1.87445 6.90695
0.622578 3.39946
1.6895 7.53227
3.61278 5.56139
1.61565 1.80059
4.63271 9.53215
19.3915 2.4134
1.42216 2.59621
4.58693 4.99588
4.81216 9.53612
14.6483 9.64599
14.5091 9.28831
16.0588 9.08994
2.18696 4.30311
11.6282 9.35789
9.09635 9.1467
19.8053 4.50423
17.9077 8.43654
19.3115 5.1207
1.18473 3.70861
0.773949 3.06558
10.3519 8.18842
7.22007 6.7803
17.7453 7.60735
3.82092 5.8504
6.72018 8.2107
0.845973 1.78869
10.1053 8.44722
0.128788 6.19251
9.36064 8.73562
15.1042 8.65017
2.88949 7.54387
16.1351 8.96756
13.0058 9.53429
19.0002 9.50804
4.81826 8.25404
1.65899 2.63039
8.14234 7.94427
1.12369 8.52962
17.9772 9.64507
18.0358 4.45265
4.92569 5.27604
7.28477 6.26606
11.9077 9.33256
17.7245 5.51042
2.09296 5.39415
2.3603 3.48155
8.55556 9.80407
7.98669 7.72393
17.7252 9.89532
19.4794 3.89294
15.6572 9.46745
2.63741 9.1464
0.469375 5.7741
1.69195 8.85372
10.4184 7.49962
5.75945 5.33189
5.61968 4.04523
3.38572 7.67205
18.037 3.98083
1.59734 5.70269
0.0671407 2.15339
11.807 9.54711
16.2529 7.70104
19.9091 1.18046
1.97699 8.46248
16.5459 8.37245
0.476699 9.27915
0.325327 9.56542
3.97839 7.44713
8.02454 7.11661
19.1095 1.53417
18.1524 6.92068
8.47743 7.9458
0.374767 7.33238
5.61235 7.25242
6.15131 4.74349
17.2161 9.41008
7.6046 9.96551
4.30738 6.89169
7.52586 9.90936
3.45347 7.35527
1.60222 5.57787
19.5221 1.5244
2.51961 7.33055
6.66646 6.0567
1.13956 9.34568
19.9469 0.522172
7.55882 9.13266
6.40645 9.76592
9.12564 6.77053
3.41258 8.40144
0.373547 3.41227
0.811792 7.16544
0.00793481 2.02643
10.0894 7.77337
2.57027 6.03412
5.50615 8.5403
4.68642 4.33912
19.2029 8.29493
18.4069 3.66741
3.60057 4.28602
2.38655 5.8861
19.7327 8.0633
10.2475 7.79107
6.5041 6.96219
8.81191 8.45454
0.0286874 0.638752
2.49458 3.04361
1.26408 6.4507
5.15336 7.94
6.20319 6.14124
19.2138 1.98187
19.9481 5.34715
4.14563 5.67888
3.10556 4.72823
19.6063 3.31858
4.13953 5.0856
3.48033 9.13785
12.7537 9.60753
1.83355 2.25501
1.44475 5.85894
19.7681 1.35655
9.50285 7.31376
19.8645 2.8544
3.34422 7.71264
2.72713 2.33467
1.2946 8.17804
1.60772 2.08411
16.0558 7.77184
0.0592059 1.14505
4.11267 7.7749
18.2098 9.24375
3.65429 6.1449
12.2459 9.42381
1.40873 2.22999
0.850246 5.70208
5.2205 9.07376
16.0344 8.68831
15.2098 8.511
18.7164 8.73806
18.507 6.79861
2.6606 2.85806
4.69985 7.09861
19.9731 6.82058
16.4226 9.44304
0.554827 8.84732
1.85492 3.28623
19.0167 8.65627
3.68847 9.6646
4.39222 7.669
11.8125 9.5529
9.35881 8.49635
1.04434 6.78884
5.71001 7.00308
0.0305185 1.69408
16.5087 7.55058
3.90149 5.81133
0.749535 2.30873
0.356456 6.42293
3.99182 3.56731
15.6102 7.54906
1.51311 8.50093
5.33952 7.58965
7.29698 6.40065
0.767846 3.2139
1.77374 2.86996
5.37492 9.45708
18.6993 8.44844
7.43553 7.00552
0.0805689 8.11518
18.2073 7.17643
5.20768 4.02936
1.17557 3.61644
15.1292 9.111
4.48012 7.60765
16.1071 9.62615
7.03513 8.99808
18.6651 2.30689
6.29597 5.40574
9.61516 9.18668
3.72448 3.64574
4.80911 7.64183
1.72185 8.99716
4.90555 9.76043
0.470595 3.18522
14.7783 8.77987
7.62413 7.13187
18.479 5.26963
8.65261 7.32933
4.6382 4.98642
19.9774 1.36692
16.9341 5.19547
1.45329 2.58126
19.7382 9.85717
3.30576 7.31407
19.8102 6.74581
8.90591 7.92047
3.4608 8.34223
14.6892 9.935
0.0964385 1.02939
3.09397 9.54588
9.72442 9.0463
7.45506 7.67449
17.1862 8.12799
18.7695 5.73962
18.2153 4.5793
1.28056 2.69845
15.5742 7.77184
19.9036 8.3517
4.76333 6.05243
4.87869 9.97314
7.98364 6.93564
19.212 3.60881
18.7201 2.45643
1.4832 2.2779
3.84899 8.59279
0.518815 1.70446
17.3046 7.10044
18.93 7.49992
3.76782 3.83099
17.5658 4.64949
1.84698 1.49113
4.31532 3.3784
9.05118 7.8106
17.5414 9.83276
18.8122 2.34565
7.20115 8.30073
4.43922 6.14216
19.2016 5.82659
19.4378 9.8648
19.5264 1.38005
1.26652 1.43437
18.0993 8.42402
14.9174 9.08933
4.72793 9.9295
8.79055 6.52028
2.65694 3.33964
4.08582 3.57311
1.3245 2.3954
17.4841 6.75924
2.90963 6.37471
18.4356 7.76849
1.59612 2.20099
3.80322 9.91394
11.3694 8.76614
0.964385 0.781884
7.32078 7.04764
9.23307 8.2989
18.0084 8.24793
3.17759 7.89575
10.7028 9.24009
19.4543 1.57109
16.5899 8.04163
2.45125 4.597
5.88031 4.85946
17.5433 8.47072
17.9089 9.85717
3.43883 7.23136
3.0726 6.37898
16.9604 7.96869
0.185553 3.05734
13.0815 9.9588
1.20853 2.43599
19.5471 7.4453
10.0369 7.93085
4.22254 9.06491
4.85061 4.42183
5.94867 6.36158
19.2364 1.61962
0.977813 1.98645
15.1744 9.56877
4.22376 5.78997
3.54015 7.26981
7.18711 8.46522
7.37938 9.21659
19.718 7.93451
4.84268 9.05362
19.8712 8.75973
19.9945 7.06503
2.96884 7.54479
19.3329 7.93664
0.01648 7.58934
4.04187 4.67879
2.83761 4.3379
18.6438 8.67
2.91818 5.05295
8.84426 9.18516
11.2857 9.82696
4.65468 8.57204
16.6399 8.84091
18.9099 5.49333
18.8665 9.50835
8.82962 6.85263
17.1502 8.57082
19.3548 7.97357
5.72832 5.5269
9.27458 8.72036
0.986969 9.95209
14.7264 9.70153
2.92734 8.39473
2.69173 9.71191
5.20035 6.04694
12.3246 9.07376
19.7021 6.43117
6.69027 9.30296
15.9075 9.47142
6.80319 6.91641
12.8922 9.74242
15.8605 9.54344
19.9133 6.60634
15.8177 7.16361
4.10535 8.86319
5.08438 9.96094
0.986358 3.08908
0.65981 9.47264
18.7945 8.75515
1.65227 8.47621
19.9274 7.16544
1.28422 9.74548
8.98892 7.09311
17.1337 5.45427
15.1024 9.82482
15.3508 9.77294
5.08805 4.00647
5.19242 6.0448
9.11832 8.27876
19.7772 1.98523
0.0909452 7.00522
3.45164 2.566
3.30515 7.24265
16.4702 7.52709
17.5927 6.6747
6.83859 5.76586
16.4025 6.19556
0.269784 8.07855
2.87545 2.59438
0.963775 4.79263
6.86056 9.98779
5.83514 9.46318
18.8031 9.11863
3.19834 3.57189
2.94687 5.11338
1.49724 3.41105
8.0398 9.50682
5.32548 8.29737
3.25266 7.4398
1.32572 5.10422
1.92267 3.63414
3.2606 5.61083
4.26954 4.61501
1.23234 6.96188
4.10291 4.92538
0.111698 4.27351
0.117191 1.94464
8.84304 9.12076
4.01685 4.27961
18.236 6.5688
12.28 9.20774
19.5471 4.07544
18.1561 7.49809
16.0863 8.06818
1.55889 5.98132
0.570696 2.89315
6.97226 7.97113
2.8431 7.67083
7.64122 8.11731
19.3597 8.56319
6.16474 5.61998
9.13724 7.42759
18.1555 3.25724
2.59041 5.97156
1.1652 7.87164
8.83084 9.99817
2.54707 7.37571
4.57106 3.89813
19.3414 8.00104
0.0909452 0.364391
6.24042 8.84793
3.44676 6.73635
1.58757 2.44118
19.2987 9.19858
4.32814 9.50285
0.80813 6.86087
3.82946 6.06311
17.1801 5.28947
19.5331 5.35997
5.23942 7.48589
3.84411 7.85394
16.6149 9.28465
6.17145 5.24827
3.5371 7.06595
19.9109 9.88006
7.5985 8.27937
16.9994 5.38865
2.96152 9.69756
0.498672 3.94024
17.9431 4.13678
14.3107 9.68017
1.98798 4.5027
8.55861 8.03583
18.1561 7.93603
8.73806 9.30479
15.2477 8.52138
1.44353 5.58641
6.30573 9.30296
2.43233 5.67186
7.65038 7.59301
4.51125 4.58541
16.8859 9.94873
4.43495 8.7994
18.5205 3.13059
3.78918 5.72436
10.206 9.30906
12.5938 9.81658
0.819117 9.25108
17.6006 5.41002
19.986 4.3907
10.6326 8.06452
18.421 3.82824
4.25672 6.79678
1.98981 8.06543
0.0830103 3.0018
5.51592 8.85922
12.2428 9.25352
1.53081 7.46513
6.53462 6.37532
7.29881 6.35151
18.5314 7.40806
7.97388 6.4391
4.76577 5.05478
18.6273 3.36192
19.0832 3.22428
17.1642 6.94113
7.83654 5.92181
1.43498 8.37794
18.2153 7.2808
17.4548 8.31294
4.74807 6.55446
6.93319 5.59679
9.76897 9.82879
0.93997 6.51418
5.79119 9.87548
6.17756 5.73901
9.80499 8.17469
6.54988 8.76125
6.08112 5.65874
18.3697 7.89422
12.5016 9.17692
16.397 7.67113
2.06977 5.03067
7.86096 7.74865
19.3805 5.45213
0.303964 6.54347
6.67989 7.16178
3.37901 9.24406
1.63823 5.42344
4.96536 7.10379
11.2076 8.73135
2.62581 9.1348
19.1803 9.60387
19.8883 1.39225
3.90149 4.36811
6.85385 6.55049
7.15659 6.40034
0.438856 7.91559
8.28333 9.53185
2.55806 4.09803
10.3403 8.08466
12.2971 9.54772
5.90228 4.35957
18.1262 9.04141
18.4387 6.21387
3.88195 9.20988
15.4625 7.73034
10.9519 8.35963
16.328 7.26829
9.54985 6.84652
1.10599 9.25291
19.8773 3.79315
6.23859 5.26231
18.2806 3.89904
2.07709 6.59749
0.623188 9.02554
10.4453 8.88882
16.5825 7.44438
0.709861 6.50533
9.7763 8.78384
0.383312 9.60326
4.87991 4.47798
5.262 8.12006
19.8779 8.27509
1.89032 7.72454
18.5864 7.75262
1.05411 3.03049
2.13935 5.39659
2.47993 2.25227
0.289926 1.88574
5.92059 6.52455
2.7485 3.49773
17.3821 8.23939
19.5025 3.1196
18.3587 7.87225
0.161748 6.88772
2.00751 5.30442
0.0225837 7.57286
1.63274 8.84884
7.44896 6.47053
16.0472 9.31181
6.34968 8.57753
6.9863 9.2581
7.5631 9.69207
9.15738 9.07987
3.34178 4.18561
2.72652 3.98755
11.8961 8.61782
0.292978 3.40709
1.10599 9.68078
3.22092 7.19413
6.77938 9.76867
18.6425 8.83023
1.86529 6.21418
14.5695 9.47478
6.51509 6.17847
5.82781 7.78008
16.0564 8.8348
10.604 8.00806
0.910062 9.40306
19.8865 8.25861
3.05368 8.19636
19.5001 7.72485
17.8698 5.77532
2.44148 9.84832
10.9482 9.86908
0.958892 9.42625
0.985137 6.24165
2.36091 7.24357
18.3819 7.83654
17.4908 9.55992
2.24189 6.77694
1.37638 8.55983
8.81314 8.65261
5.92853 4.2906
3.18247 6.74184
3.48888 7.30399
3.83129 8.4695
4.8732 5.67949
1.66448 5.00748
0.894803 6.2981
18.0535 4.626
8.30226 9.31669
2.02521 5.26048
17.6666 7.57775
5.97919 9.55199
6.65792 5.38194
6.45466 6.39149
0.542009 9.59105
1.30375 5.85284
7.53319 8.47468
0.859401 3.68633
0.360118 5.24369
2.82357 8.84762
7.35069 7.91803
19.4024 7.42637
17.2106 8.11304
19.1797 3.76659
19.3896 2.03955
11.536 9.26115
1.15421 3.22672
9.22697 6.8627
0.446181 9.3466
18.2482 7.50511
7.89819 7.93237
9.60967 7.94702
0.508438 5.91784
19.0258 5.73687
17.2765 7.89697
1.98553 2.61879
18.8165 5.81225
7.17856 7.23655
2.99387 2.22633
7.81579 9.14609
17.34 7.52281
6.54744 9.25657
19.8376 3.24961
11.843 9.43266
11.5397 8.39564
5.03739 9.98535
3.73424 8.61782
2.06793 6.75039
15.2983 8.98862
6.65181 8.85372
1.65227 1.71575
8.04468 8.21192
16.8242 9.94201
19.928 1.90863
18.1652 5.69842
4.5381 5.06546
1.88971 8.04559
3.89599 9.93896
10.1804 9.4998
19.7595 5.15671
1.28483 9.51933
0.853298 4.67452
7.03146 8.62026
16.6088 8.43623
6.18366 5.69384
19.5068 3.00821
17.7764 7.4041
0.325938 7.87744
18.2281 8.88333
3.47179 8.10175
6.05426 5.14298
8.66115 6.45039
18.6645 2.42103
18.2727 7.75475
1.97577 4.3376
5.93341 7.54387
17.5115 5.42314
8.22962 8.14295
4.38002 7.3336
16.0234 8.76247
19.6582 6.64693
2.42378 2.24067
1.283 8.99991
3.03659 3.01553
5.43474 7.77032
0.878933 6.53096
0.460219 7.71874
1.94769 4.60952
2.62947 2.50954
17.3644 8.29554
19.4403 9.01975
3.43699 6.5688
7.90551 8.66817
1.81402 9.07468
5.89373 7.83197
2.51473 8.33003
4.27625 7.18406
4.3733 6.61763
0.864895 6.3918
10.2481 7.62902
0.307627 2.32948
18.905 8.8641
19.4757 6.2743
6.80441 5.06149
16.2664 7.23228
1.81463 3.46202
5.37248 5.84826
8.72219 8.3169
3.72875 6.17512
18.7915 6.37135
6.27155 7.6458
0.597552 2.34931
17.4908 7.79168
17.5329 7.26066
18.0004 4.27656
0.416883 8.4048
2.89926 2.39845
0.390637 0.942717
7.10044 5.45946
6.23737 6.6747
3.85693 9.43113
1.0303 6.65731
18.1182 8.78231
8.25831 9.12412
4.55336 9.67315
4.8616 6.76504
7.02292 7.26218
7.43492 5.72924
5.30045 9.0875
8.04834 8.54976
3.28013 7.73583
8.48659 7.5631
9.064 8.44142
0.926542 3.55296
1.20121 4.15418
6.92648 8.45515
2.47932 5.04868
4.50514 6.18213
0.06592 0.58565
5.78204 5.27207
3.3552 2.4955
5.80462 9.20804
4.17676 9.20286
0.592059 2.83242
19.1009 9.38169
19.6857 8.25861
19.248 2.65755
18.4912 5.45
9.40153 8.91812
1.97394 8.91079
0.580462 3.52489
2.6014 3.28227
6.33015 5.77532
5.18693 6.25202
2.05023 2.2956
8.55983 9.82086
1.66326 4.86373
2.64351 2.68929
6.87582 6.5685
1.72002 1.5418
18.9947 7.67632
7.19932 5.9209
0.31373 3.22031
18.4027 4.00372
3.1782 7.16483
0.448012 3.50841
17.636 5.86322
0.578631 2.04535
17.6617 7.71783
18.5412 7.75719
8.99747 7.76177
4.46303 6.88101
2.79794 2.57118
3.87219 3.37535
1.84027 6.30757
0.509049 0.562761
1.5247 9.0698
2.36763 5.5739
3.15317 5.69597
2.16376 1.90039
0.552385 7.08945
2.42256 8.22474
9.72198 9.47813
18.0084 8.63094
2.12836 9.58769
16.1705 7.63237
0.476699 1.77953
18.9288 8.32972
8.89615 7.5341
0.394299 2.70943
19.7461 0.664388
17.3125 7.0745
8.76553 7.93695
4.38307 7.66015
8.7112 9.58098
19.2065 4.94339
2.50008 3.99365
19.6582 7.95251
1.35929 2.56294
8.01416 8.68099
3.53465 9.51903
17.517 9.65575
18.8269 9.16288
4.11267 3.34666
1.72369 2.22785
18.1524 8.26441
18.7957 9.84039
18.7237 6.6747
2.86508 2.12195
3.31797 9.76684
2.35176 2.28523
4.03699 6.38417
18.6889 7.03391
5.25224 4.64156
17.7941 8.71456
19.6277 0.781274
3.58715 8.81466
1.67241 4.0495
4.04309 8.00592
4.82498 3.87646
17.0843 5.73778
5.04593 5.06973
2.35664 4.61074
5.8327 5.44725
1.48198 5.51042
18.2531 7.9519
16.1461 9.71892
10.6699 9.61425
0.0561541 4.12397
0.549333 9.45799
16.9018 9.16623
9.02554 6.86941
0.37904 3.10404
2.08563 2.2129
7.18284 7.77245
9.64995 6.94998
11.1386 9.4528
19.1992 6.01062
9.82574 9.36949
0.00793481 0.203864
0.260628 1.20731
1.68096 9.07743
1.82928 1.98431
1.96966 2.88766
17.3949 5.16678
1.16459 4.10413
3.46263 5.88763
2.85409 7.88598
18.7664 9.68535
5.47563 8.51527
1.88482 5.6856
8.1814 6.54012
5.0618 8.19025
8.74966 9.16013
5.36027 7.84967
17.0995 6.74612
19.01 9.47386
17.9369 4.87289
2.42988 3.3552
16.8596 8.73684
12.3618 8.88333
0.552995 8.78231
8.17469 8.31935
1.80548 4.29334
8.82168 8.00989
11.7997 9.54375
3.09946 7.08518
19.4378 7.39463
16.6173 6.56667
2.67403 7.47826
0.983306 2.39143
0.254524 9.01181
7.77795 6.24287
16.9872 7.99982
6.24653 4.57503
3.01218 6.59444
18.9221 4.13953
18.6395 3.5078
9.70916 7.96289
0.484634 2.18146
6.02557 5.43199
9.83489 7.95984
16.1736 9.68047
1.21281 2.83029
19.5581 7.19016
15.6749 9.29838
8.10266 6.69607
5.18204 4.50484
8.68557 7.32658
16.3634 9.29746
0.0964385 4.50026
2.94321 5.50005
2.61544 7.99554
4.58876 8.6343
3.43333 6.28254
9.2581 9.57091
19.6893 6.00574
9.46928 7.43339
1.00223 3.95672
7.09983 5.68651
18.283 6.34663
3.06833 7.86889
0.00793481 2.85897
0.621967 7.88812
1.50212 9.28465
4.52712 6.66646
2.40974 6.04297
19.6167 2.54585
2.47993 3.27769
2.55135 4.53352
18.5003 7.89758
19.5404 7.08884
4.35621 3.21055
7.80297 7.39158
2.69539 8.77926
18.8556 9.72564
7.78344 5.83697
0.665914 6.3155
19.9054 9.69695
16.7016 8.32789
1.49052 4.2613
11.8009 9.71129
2.4604 5.41185
17.7441 8.81405
16.0332 8.33613
2.77108 7.6635
3.45958 2.7073
5.64287 4.50179
1.50578 3.48979
19.4195 6.05609
4.22437 3.31858
5.1735 8.08832
1.52226 2.91971
15.5657 8.56929
9.33561 7.47734
6.98569 6.91855
7.86767 7.33634
8.27052 6.48427
9.81353 7.11356
15.7689 9.98627
3.68786 8.905
6.89352 6.76443
17.2662 4.60829
0.768456 8.58028
0.0518815 5.72588
0.876492 2.18665
8.41823 9.24375
1.24882 1.80395
0.554216 1.31169
16.8786 9.15189
0.21363 6.06647
6.26789 6.89688
1.09195 2.2602
3.40831 6.89291
8.40968 8.1756
9.92279 7.71569
4.20667 6.78518
2.81747 6.67623
7.85485 8.41975
5.99017 7.66686
7.30125 7.06687
11.0379 8.95688
5.13932 4.03088
7.40196 8.29829
0.569475 5.62304
0.842311 7.56829
2.78085 6.98691
1.45085 5.28428
15.9221 8.5287
16.2279 9.76531
7.22617 9.99298
8.75881 9.09818
3.71776 7.37236
1.61504 1.48839
17.4926 7.2924
2.08441 5.58641
15.385 9.79827
12.5822 9.13968
0.0244148 5.10422
4.72427 8.58821
3.97046 4.65316
1.69622 3.14219
11.5262 8.39106
4.08704 6.54775
4.62416 3.95184
6.27094 6.92526
2.94443 3.10495
16.635 9.55199
17.257 7.87988
11.5659 8.66573
2.98288 8.68984
2.89438 3.13639
5.68438 8.6755
15.2757 7.94733
4.62722 7.53441
17.5561 5.6212
4.70595 8.04407
10.5997 9.58403
8.79299 9.37376
6.77389 7.27134
1.0651 5.43504
6.76473 6.43513
3.55846 8.43074
9.91668 7.70379
4.32997 6.64235
16.5069 9.17173
4.35743 7.91742
10.5679 7.85089
19.9274 4.36537
0.705588 7.95007
8.11914 7.28538
5.08194 5.34135
4.5497 4.70443
2.57027 3.69976
3.20933 8.17682
2.46529 8.04712
1.0004 2.94198
15.9581 9.33256
3.34483 5.54277
11.9675 9.3408
19.4848 4.28144
7.89941 8.7402
1.85614 3.75164
1.11576 6.6274
2.43904 2.44575
17.3309 5.9917
0.900906 7.46513
2.53121 2.88583
2.5959 4.22651
18.7115 7.67296
0.311899 3.33262
17.5768 4.70748
9.38139 6.77236
6.41438 7.893
17.8368 8.03156
1.85247 1.98798
2.28095 4.19202
6.44002 5.04013
15.4491 9.01608
5.11368 4.80605
4.28236 5.0679
5.31877 9.41954
19.1839 5.54399
19.5978 1.14505
16.8798 6.55354
18.9636 5.00839
10.585 9.13541
5.31571 4.53047
7.62597 9.59838
2.67953 3.8374
6.75253 7.12851
17.6995 4.72945
1.5009 5.34013
5.30778 9.66826
0.300302 3.9494
4.7145 6.0921
15.7781 8.86196
1.17374 5.61357
11.3804 9.38108
4.68703 7.18711
3.07505 9.36949
2.51839 2.18238
2.43233 5.32212
0.0720237 1.14078
2.70638 8.42647
1.58269 6.82516
5.38163 8.13013
5.78753 9.7882
8.63247 6.26209
16.8969 7.41478
19.4501 5.47594
6.53768 8.16462
6.82821 8.57295
6.44124 5.36637
12.5626 9.61913
19.6265 4.0022
17.4334 6.5331
1.59185 9.10337
17.5811 9.69176
18.2147 8.02698
2.35359 4.78805
2.81137 4.29273
14.2644 9.94903
4.89944 9.52879
19.6246 7.24418
6.14887 9.81201
15.5889 9.0875
15.1238 9.37742
4.29701 8.91812
19.1601 4.09406
17.0653 8.08405
0.00549333 0.578326
16.1815 9.49187
8.10572 7.37541
8.46644 6.29383
12.194 8.90408
16.6399 8.09931
10.1358 9.08353
9.21659 7.21732
18.7573 4.31257
2.85043 9.75555
12.598 9.42595
2.67037 8.21223
4.74624 8.10938
1.65899 7.50786
8.16614 6.14185
9.52727 9.05179
14.724 9.69848
4.72793 6.09882
4.85488 7.65435
1.04129 9.98962
17.929 3.54259
18.7152 6.09241
19.7375 2.04016
18.1561 9.09116
7.19504 7.42393
18.7573 7.80969
1.65349 4.86312
3.36802 9.21201
18.1536 9.7763
0.33021 5.92273
18.5961 9.94079
5.15519 5.35966
0.847194 5.93646
4.85122 5.57848
19.4159 6.91671
3.45653 3.52275
14.9443 8.97183
12.5114 9.89257
18.2482 9.88617
1.17008 9.46867
3.88073 7.87286
7.73583 8.23328
3.81603 4.10169
4.54787 5.27085
13.6119 9.81689
2.01178 5.47166
2.37251 2.42531
2.81137 7.8338
18.1237 6.98263
7.97266 8.93338
1.7127 5.10605
17.8967 5.83605
15.631 9.26481
1.72979 9.05454
16.0198 8.08741
18.9605 8.05872
12.3136 9.04843
15.5144 7.65862
0.667745 8.77651
16.4336 8.07031
3.11655 4.22895
0.0732444 0.858486
4.10169 5.36729
0.471206 3.88928
10.8554 7.78344
2.79916 8.70876
5.59038 8.19239
18.847 6.52638
17.2912 9.55809
18.4692 7.23838
1.56499 2.9783
6.54744 6.98996
2.57149 9.30723
11.5873 9.85412
10.4044 9.73388
0.368664 3.07688
6.53523 6.19129
4.73708 6.27247
4.3733 5.01724
18.8965 8.45851
9.41191 6.72628
0.344249 5.57573
7.37877 9.59502
0.573748 4.75295
3.49193 6.24012
19.7821 1.85522
0.995514 6.36769
4.30128 3.2725
7.10593 9.60112
5.53301 4.7084
19.7058 7.50023
4.68764 8.37764
16.5789 6.03717
2.1955 9.85992
6.83126 9.41252
0.838038 5.22355
17.672 6.12537
16.5435 9.60784
16.6613 9.317
3.10007 7.57073
2.92123 8.59828
17.749 7.92169
19.5099 6.72079
2.89865 4.30342
6.15009 6.92282
10.6192 9.63775
1.0419 9.28587
0.0421155 7.71172
2.53731 7.79778
16.6387 7.53716
17.3309 5.62944
16.1101 9.55016
0.162969 0.979949
0.292367 8.01416
0.911893 3.56487
4.45082 9.40611
4.01379 5.89312
3.63475 8.34071
19.4916 6.02222
0.95645 7.96838
19.8877 6.29048
2.89804 6.63411
19.4372 1.7127
10.5362 8.83511
10.9293 7.81823
19.6142 5.60167
19.5087 4.18561
1.45146 5.0914
9.12687 9.86419
7.09738 6.52303
4.30189 6.70858
16.079 9.48424
4.16517 6.1211
4.15052 5.2028
3.15989 3.42082
0.868557 9.06613
19.4641 9.84375
4.43129 3.17087
19.6344 4.20911
8.88882 9.29807
18.7561 4.61013
1.43437 3.87249
8.74538 9.04202
0.508438 3.51115
0.795312 2.75185
5.39323 8.69106
1.63884 4.91043
5.20096 9.88983
2.39204 9.99756
5.95782 8.12586
1.23295 4.03851
6.1391 6.42567
19.9725 4.66811
1.68523 7.01865
2.33772 5.22813
15.9203 8.32698
2.00018 8.53999
2.07099 6.88406
16.7339 7.50542
17.5958 7.64885
4.39405 4.17035
19.2633 9.3939
8.08802 9.19218
6.72872 7.55486
2.1894 3.32682
19.0307 2.97678
18.9526 5.43443
6.61885 5.37217
6.36189 4.96597
17.4596 5.91601
1.13224 5.80584
16.942 9.71404
0.204474 6.0921
2.17109 5.25132
1.99042 5.26261
0.226447 8.29951
18.5302 7.46941
3.08176 2.31025
17.8686 3.61095
7.68456 8.75301
17.3748 9.74487
17.9785 9.64019
17.7288 6.14673
1.47404 6.06616
0.355235 3.79315
9.40764 9.23704
18.6389 4.83749
16.2883 7.31986
11.3205 9.5352
18.3026 9.57854
2.1662 7.7575
3.01584 9.96582
17.9266 7.54509
8.03369 6.1272
18.0688 4.94675
16.6234 5.70574
7.34153 6.49586
0.192267 8.5403
3.8435 7.52556
5.59648 7.73644
16.9256 6.33198
19.7656 9.60448
0.77517 7.98029
1.72185 4.31898
10.8261 9.42198
10.8786 8.50368
2.18818 2.78329
7.63939 8.93674
2.56111 6.96768
4.20301 6.38173
1.40324 2.64077
5.74236 6.60329
11.9004 8.6401
6.91916 8.42524
16.4971 8.71029
17.6196 9.37803
4.93606 4.7261
1.25065 8.12494
17.1343 6.32069
3.42357 3.27891
5.47441 8.61599
0.491958 8.493
0.466933 0.498672
18.59 4.57595
18.6639 4.36872
10.9555 8.77956
16.2499 9.93133
19.1668 5.04959
1.23905 4.4612
16.4745 6.68508
19.9573 5.29527
5.32609 5.04837
2.9902 4.95865
4.1554 4.85488
15.5467 8.82321
11.2473 9.84405
19.9536 0.588702
5.10269 9.77172
0.533464 2.87515
10.7834 8.02606
7.21885 5.77166
1.48442 8.03552
9.61882 7.72301
6.20563 6.62069
6.68233 5.3972
7.13279 9.63775
1.36174 6.88833
16.6155 8.86288
5.89312 7.87652
6.51204 6.46901
8.40236 7.61773
0.492569 7.50023
2.54097 9.26817
6.3509 4.87869
17.2442 9.12656
2.02643 5.74053
1.1774 2.28797
3.95093 8.8049
7.03146 5.28611
5.53789 5.42985
19.2004 4.01196
0.137333 9.85504
18.0114 5.84307
14.9406 9.85687
8.14905 9.82818
1.90619 3.83038
17.9833 7.92505
19.0362 1.72887
5.58672 7.36442
16.6344 5.66759
9.24345 8.81985
6.0799 9.0817
9.17936 9.40886
18.3959 7.26249
17.6891 8.30592
2.84005 2.1659
1.81341 3.01309
5.82537 5.94043
19.0661 3.16599
6.53706 5.94867
0.768456 5.67949
1.79327 6.20869
12.9026 9.66918
19.5367 4.83749
2.15094 5.90167
5.87115 5.2385
6.31733 8.87356
4.11695 6.96921
5.03372 6.74001
10.9915 8.60225
12.6847 9.53825
1.21525 6.56453
17.7038 9.35484
17.3449 8.37184
1.84332 9.51292
16.9317 7.45231
2.90414 7.3336
1.25919 5.12192
3.79101 5.64379
5.46892 9.83062
2.67708 7.32994
19.165 2.91849
9.8526 7.06656
4.33363 4.69985
2.81075 9.95361
1.70049 1.88787
0.640889 4.89029
15.1073 9.3289
6.12445 4.6202
17.3211 6.86789
1.87017 3.72295
1.4301 5.79546
2.02094 3.11411
2.41707 5.75732
8.95413 9.63439
19.9469 7.24174
16.8529 7.3632
7.40196 8.38221
15.8916 7.36473
17.9046 8.19544
3.57555 3.58898
5.10269 6.30696
9.14151 7.68883
0.216071 6.021
16.5929 7.84875
11.5897 9.9353
5.35295 7.52983
4.76028 9.2111
0.938139 3.84503
3.17881 7.21427
2.67647 8.25282
15.6163 8.76949
0.872829 6.48366
4.72976 8.32636
9.28068 7.57164
1.648 4.1023
3.51817 2.83883
4.3672 6.39576
19.6197 8.07031
5.63005 9.89929
20 4.71816
0.602435 9.00723
15.0017 8.60897
1.04495 8.33827
2.80892 6.11896
9.67193 8.64559
2.54524 9.35026
2.97678 9.03195
3.50902 8.16675
15.7897 9.63805
18.0914 3.2136
19.2682 8.23756
1.5186 8.64223
4.62722 3.3375
0.891751 2.98227
12.5425 8.9996
4.32875 6.21296
6.50288 4.73189
0.0061037 3.46049
12.4668 8.93735
18.2617 5.47563
0.549944 4.87686
1.66997 1.38035
4.66323 8.91049
1.4771 5.56017
6.90451 6.86026
15.8367 8.29707
18.6218 6.39454
0.0726341 3.6259
2.12165 2.82723
9.90265 9.21659
9.37162 7.2396
2.07038 2.7427
18.0877 4.59609
6.79281 9.15525
7.07297 9.09879
2.59651 3.83282
19.4507 5.65844
0.00244148 0.910367
18.9807 7.96869
0.925321 2.44942
6.62252 9.5703
2.65389 8.25892
8.88699 9.18332
0.286874 5.85009
2.24372 6.07562
0.150151 2.99295
19.9854 5.2266
10.7071 8.90469
7.50633 6.2035
6.43696 8.69503
19.0539 8.66512
4.79873 5.22599
6.49434 6.13666
2.04352 9.52666
5.28703 9.4055
19.5196 4.83993
3.9729 5.93738
19.5965 4.77401
4.51979 4.21735
16.4904 8.26441
0.116581 3.8084
5.32731 9.62371
3.06894 9.70305
3.97839 6.68447
3.53832 3.11258
2.98105 6.41255
2.20099 7.39158
19.7571 3.31492
16.2053 8.85311
7.59117 8.13837
17.7178 6.36799
12.786 9.3405
18.5675 7.13767
18.8586 9.77294
15.4888 9.84649
3.65001 8.66573
17.3296 6.76778
19.5294 7.10074
7.22312 8.56502
9.03653 8.56807
0.845363 2.63375
0.90701 1.38524
2.63497 4.43098
4.35194 8.78323
5.05264 9.36918
6.6567 6.87002
16.6826 7.57469
1.23478 8.78353
19.1076 2.36457
4.45082 6.17603
6.97043 9.794
2.04352 2.6426
4.27625 9.8114
5.8388 9.2758
4.59426 4.85855
17.8735 4.3611
2.55806 7.44896
7.34397 9.29685
18.1347 6.24104
2.0014 5.66668
12.938 9.75707
4.8677 8.1695
6.0329 8.62606
1.39103 7.0278
0.399792 9.23307
17.2576 5.65935
19.6112 3.9729
19.3909 8.72646
12.6359 9.38047
10.7492 9.54558
3.09885 5.58947
14.9864 9.44761
0.111087 1.47343
1.99042 7.75842
1.21586 5.70818
8.71242 8.26167
0.645772 7.75781
8.43715 8.12006
4.71267 4.9086
7.45567 7.03055
1.92145 8.88119
3.31065 7.24357
19.9768 7.91131
13.1724 9.44792
0.469985 2.97281
9.61394 8.12159
10.3385 7.68242
7.49535 6.04358
5.65508 8.19361
19.4842 2.75918
11.5415 9.39238
3.50841 2.81655
19.6515 3.23405
0.816675 4.88235
3.89355 7.6281
19.9115 9.87548
18.731 8.27845
1.21586 1.56926
3.58348 9.42839
16.643 8.18506
6.50044 4.73739
19.4586 4.7676
17.7837 7.9104
0.233772 1.43468
3.13181 8.0221
7.47154 5.50462
3.69823 7.84478
1.98187 7.34642
16.6301 8.05658
8.78994 7.90613
18.0029 4.86679
5.40239 9.24924
2.73141 7.27134
19.9445 5.04715
4.00586 4.45143
17.4163 6.77664
7.54784 5.94531
3.91491 8.50124
18.0297 9.58434
8.20338 8.9172
6.4565 7.43706
16.292 6.73116
19.9341 2.86447
3.86731 9.62554
6.57247 6.32923
1.33122 7.94519
4.01196 7.45231
18.8653 7.30644
4.79324 4.48134
1.37516 6.10797
16.9335 8.31935
15.457 8.8702
19.8096 0.702231
19.5294 3.73394
1.28483 5.82171
9.67681 9.92065
17.0916 7.36808
18.3203 5.89587
7.36839 8.33705
18.612 9.68017
19.0594 9.61913
0.968047 9.41984
1.33732 5.356
8.66909 7.42271
1.21464 5.08774
0.792871 0.658895
17.9943 8.53542
4.99893 3.94757
5.13321 4.82406
4.5912 9.5529
16.6131 8.98495
3.26182 6.45985
7.62108 5.83728
0.159307 6.79098
4.2494 3.36863
1.45207 3.30546
17.9247 6.70186
17.3168 6.89566
18.6438 6.55324
7.32322 9.88464
2.50618 7.61498
3.37779 3.36253
3.0665 7.81304
0.998566 1.16092
5.20585 8.50032
16.7742 6.03076
15.9862 6.85507
1.66631 9.60448
17.9638 5.35386
3.12632 4.81674
18.1939 3.87646
4.90555 5.64745
2.56233 7.76452
12.0908 9.35514
11.8827 8.72097
3.02866 8.50154
0.286264 6.29139
5.96149 7.44774
16.1156 7.96869
10.1779 8.7878
0.949126 1.39836
7.79992 5.96912
7.96594 5.6914
6.15253 9.10886
0.686666 5.57421
18.7719 3.75225
18.2763 4.98703
1.03946 9.88128
11.5708 8.81558
2.92856 4.75539
1.68157 2.49672
18.8568 3.02957
7.51915 7.80206
2.66366 4.46638
2.08991 2.04901
16.7162 5.65203
9.49553 7.00278
18.3703 8.07764
12.2471 8.79055
9.63652 9.18424
11.0587 9.65819
6.3393 9.41099
19.201 9.34141
0.595111 3.89813
18.6914 2.7015
2.98715 7.26707
5.37187 7.28904
8.50307 9.80316
1.57048 1.46489
1.13529 6.55507
16.986 9.24589
6.98752 7.61223
1.04984 3.41899
5.05875 8.74966
5.16861 9.26695
6.37715 5.89709
5.81683 9.29136
4.90493 9.17264
6.66952 8.7994
15.6804 9.81964
6.10431 8.39259
10.1041 8.0752
5.71245 5.93951
5.79669 6.92007
3.56334 9.16562
4.48561 9.5642
6.52669 9.84069
5.33403 7.36229
0.928983 1.26957
15.3471 8.88394
2.89682 7.9162
18.8147 9.37468
1.63091 8.5818
4.69924 9.53825
4.57289 4.59853
0.396741 9.7702
19.0539 3.17728
6.1623 7.26127
4.4734 8.50185
4.81704 6.38722
1.88543 2.03467
18.1768 8.39534
0.693991 2.81899
3.17515 8.22626
19.9634 3.19407
5.29496 8.43348
18.7475 4.44868
4.344 5.24888
1.13224 8.78872
18.7085 9.65667
6.00726 7.67571
16.7675 8.27143
0.903348 4.25367
18.3917 8.19208
6.0152 7.37877
5.2797 8.52321
0.175176 5.81378
18.3703 4.00128
0.321055 8.22443
4.60585 6.02466
4.52956 8.73135
18.9874 9.15159
0.189215 3.73852
19.4147 7.13218
4.41908 5.27238
17.9247 5.3267
1.44475 5.69292
16.8737 8.85556
3.60179 4.90493
2.26997 6.73238
10.3647 7.43889
8.63552 8.37489
0.408948 3.46843
0.289926 7.52129
19.129 7.89544
5.59587 4.09772
12.6798 9.66857
10.4868 9.78637
6.08905 5.38469
5.10086 8.47591
11.2009 9.89135
8.63369 8.28547
0.517594 5.4091
2.67037 6.84652
2.78085 4.58144
18.7542 2.36732
9.63164 7.5634
1.9776 4.86221
2.44942 5.19028
18.4417 3.60454
19.9054 2.15155
18.648 8.54549
15.9966 7.59239
2.75887 2.63497
7.14316 9.15403
19.6869 5.13382
17.2393 6.04328
7.22312 9.57457
19.5386 4.05347
8.49452 6.57064
19.4989 8.18049
17.4938 5.18662
18.5931 8.13929
17.4279 8.81924
17.1911 7.24662
8.94253 8.66665
19.9023 3.72204
4.17249 7.01498
11.6971 9.63683
17.9241 9.24467
2.68319 9.22239
8.18323 6.19007
19.837 8.46828
5.03983 8.89309
2.92001 6.58254
7.49229 7.13858
19.7662 5.16495
5.09476 6.40828
10.0485 9.09604
20 9.15952
9.00174 9.00784
18.9489 8.00317
3.92163 8.46187
7.10593 8.2577
5.02701 6.48732
12.468 9.46043
2.11127 8.22047
3.08298 3.67168
12.7726 9.77081
5.04227 4.50728
11.8033 9.00601
8.51894 7.15903
0.80813 6.06342
18.2739 9.61119
0.896634 7.77245
2.88705 3.04849
6.15986 6.39363
1.52104 5.37492
2.931 9.14975
7.49779 9.3759
6.3094 5.24552
17.7367 7.07968
6.42109 8.51375
19.0167 9.38475
4.91348 8.31446
2.4427 6.1919
19.6197 9.55718
9.83123 7.8985
7.90429 7.49413
0.2472 7.83685
1.22196 6.96036
3.49376 7.8518
1.87506 9.77905
4.45448 4.01898
6.98141 7.9342
0.166021 8.23908
3.70861 6.24226
5.88092 9.57274
3.73058 3.35551
11.4988 8.99869
8.37855 9.23307
17.9418 8.70968
5.50249 8.54457
10.9305 8.58791
18.5101 4.33027
2.78085 8.67916
0.851466 2.29194
2.46712 5.88092
19.8291 6.67684
19.9701 7.53807
17.5573 5.87329
19.1955 6.02985
2.04108 6.87155
1.57903 7.80267
7.60155 7.37785
19.292 9.36796
7.10898 8.14539
19.3786 4.90402
1.36052 8.07367
2.81503 5.71978
19.0216 9.96429
4.20911 3.24168
9.4705 8.54457
5.40727 5.12009
6.44551 7.75689
16.1303 7.34611
4.94095 4.13495
19.8236 0.443434
17.4029 5.82781
2.39875 8.3578
1.67547 4.09742
0.948515 8.89737
12.9405 9.2642
17.2588 5.51103
0.56093 3.68908
6.86056 9.94507
2.53548 5.45701
2.2895 6.12629
19.2273 5.16129
3.15744 4.87533
17.7026 7.84234
5.21439 9.80743
2.57149 5.12741
17.6617 5.37187
15.609 7.93878
8.3169 9.03989
7.61742 7.37022
19.5135 8.36207
2.04169 8.35597
4.20118 8.39351
3.26853 6.29627
17.6745 4.34553
6.02374 8.87997
16.024 7.27775
3.25266 4.9443
9.19401 9.21598
0.621967 5.22294
6.85202 7.74895
19.4781 8.63491
2.72103 8.97732
19.6741 0.725425
0.681173 7.95099
2.55806 7.33177
1.19022 4.16913
19.0484 3.64269
0.991852 8.02698
18.0206 6.79312
3.7318 4.52162
17.0251 8.92392
7.85363 6.61275
10.0143 8.37214
19.9139 2.92856
16.3829 6.36799
2.27241 2.15033
8.84426 9.45311
0.918607 9.23826
4.45692 6.11133
16.7937 7.25425
4.3025 7.5634
2.54402 8.93368
16.5477 7.98151
0.318613 9.17722
19.4586 7.88446
2.03009 3.30058
6.01337 4.41023
2.80892 9.1467
19.9689 3.26304
10.5399 9.34202
2.50252 2.22266
3.96924 3.91858
1.47221 3.00974
3.58959 3.82031
6.05426 9.14304
8.84121 9.27122
2.66182 6.34663
19.248 4.0907
3.94055 7.27378
19.5282 8.48048
3.15744 2.58248
7.98486 9.71557
7.15415 8.3346
1.72246 8.64071
0.628071 8.00623
1.96844 4.48805
19.7223 1.49663
8.86624 7.60002
9.96429 9.87335
1.56499 5.86566
0.728172 5.21714
19.0118 7.63878
0.814844 1.4423
19.0588 6.61092
2.331 4.15052
8.30348 7.09861
9.89593 9.70458
0.798364 8.78994
10.4581 9.86877
6.88803 7.85485
0.496841 0.696432
1.60894 9.55565
0.870998 3.88867
5.79424 5.16648
4.71816 8.70479
10.7401 7.93603
8.93643 8.52626
2.71798 4.92447
2.21076 7.44346
1.26347 6.91885
2.2071 7.60918
5.92486 6.0976
5.3914 9.12442
6.93686 7.64702
2.17231 7.41325
17.8246 8.30378
8.58303 9.88525
1.38615 8.9935
0.177007 5.00351
0.0457778 8.86105
1.86834 1.54759
2.9078 7.1926
7.86035 9.1757
0.21363 3.18369
7.43797 5.68163
1.36418 6.78121
12.7409 9.15433
11.0349 9.17417
1.71331 6.37349
6.26972 4.57106
8.3932 6.78549
16.1657 7.63543
2.39937 4.15815
0.95706 2.71004
1.25431 2.65419
7.04672 9.64934
19.1357 2.772
6.24531 6.72567
3.00119 3.73577
15.1817 8.30378
4.90066 6.79342
2.99203 4.95071
7.70775 6.87551
19.9359 8.34132
16.7675 8.21223
17.7093 4.20209
4.12488 6.90512
2.94687 4.09223
1.75359 7.89666
16.2645 7.93298
17.6782 4.70199
14.7966 9.70367
19.8114 7.10196
19.2816 2.0365
5.23942 9.13572
8.35841 7.24967
18.0493 8.67428
2.95114 6.85659
3.51573 4.96963
18.3435 3.81787
6.12201 8.58119
8.54823 9.40428
1.7243 5.56993
9.85565 9.97986
19.4806 7.83441
0.105594 3.01126
5.88885 8.76492
16.6491 7.62993
6.87155 6.31123
0.188604 0.605792
17.8729 8.66359
10.6815 7.94
4.02234 8.30226
8.50429 7.25272
19.4684 6.97958
16.3274 9.57915
8.93643 8.74996
17.2399 5.07401
19.6905 7.02048
1.38615 6.39698
1.86285 4.76485
0.387585 7.41203
8.06482 6.35365
3.22275 2.33711
2.95846 8.07825
8.13868 7.14469
1.94586 9.74914
0.315561 4.00769
18.2745 3.29569
16.8493 6.48976
19.6265 5.67888
15.0908 9.02585
9.26603 8.89035
7.21335 8.89981
1.74871 2.45766
2.26997 8.02179
5.85406 4.57472
4.80667 3.82153
0.400403 8.12281
15.9172 8.57295
18.5455 8.193
14.8643 9.54283
2.78756 6.77328
10.9433 9.48607
4.47523 6.62465
2.53609 3.58379
7.74926 6.70553
3.90393 4.77371
12.5651 9.85809
3.73302 9.1464
17.1654 6.37074
17.0806 7.3983
1.2183 0.892666
0.06592 7.14621
3.20688 7.22007
15.7573 8.86166
3.39854 4.55367
0.272225 9.63378
3.57677 8.12464
2.98044 6.94174
1.8543 1.9895
5.26383 5.56047
19.613 7.1157
5.24247 9.26542
19.1241 8.27631
10.9421 9.83428
0.286264 3.09244
11.03 9.72869
6.08295 9.04599
1.58574 3.74187
8.37001 7.893
3.3076 7.2692
3.03232 3.43974
7.64 6.0802
16.5673 6.14246
19.7943 9.429
8.5989 7.75201
7.26768 9.90295
3.4547 9.48637
4.7676 3.77819
17.0153 5.05844
11.5275 9.85382
4.25001 7.20878
16.2145 7.9165
19.6167 6.39119
19.6899 1.97913
17.0013 6.039
6.64449 5.862
6.81661 9.34935
17.1123 6.54225
1.36296 4.21827
19.9902 5.74633
2.14362 3.27799
16.9549 5.94134
8.89492 8.67244
11.3437 8.20154
5.49394 5.24277
7.41417 8.91232
2.29255 6.96585
3.33445 5.74847
2.75521 8.92056
1.77862 1.94891
1.19999 5.9685
0.925321 6.48549
1.98126 1.48869
3.80871 6.79556
16.1534 7.45445
6.44856 9.64934
15.6731 9.8883
0.399792 0.676901
1.93548 5.60869
16.223 7.43645
5.33952 9.71191
2.39753 7.86615
1.34404 7.2042
5.41154 8.61385
1.51372 3.8554
4.21888 5.10697
3.5432 3.24442
1.08097 7.70287
9.94964 9.58464
3.76843 7.94183
3.74096 5.86444
8.17164 6.88711
3.49864 6.63991
1.07059 6.67684
12.1274 9.68657
2.20099 3.48888
4.46364 3.99548
5.14725 6.69362
10.784 9.26145
4.18043 7.05496
18.9001 7.53655
19.6484 0.951872
3.2899 3.98236
14.7948 9.48088
0.838649 8.51314
18.1549 5.12925
3.80139 7.32627
14.8436 9.98413
15.1665 9.80163
0.952788 4.32905
13.079 9.39848
16.3549 9.24162
2.07892 8.15882
8.8815 9.682
18.0944 4.8265
8.287 6.12384
11.3913 9.52025
7.87561 9.07987
18.2257 4.38337
3.66832 2.68777
0.598773 3.21116
6.59322 5.27024
0.441298 4.3611
2.08319 4.92019
1.142 7.77764
18.6627 8.60347
5.81194 4.52162
0.358287 0.520646
1.56865 2.04047
18.7866 7.19077
19.1577 4.03363
4.29579 5.13749
2.78451 8.76919
7.07907 8.17957
6.30207 8.32636
7.14743 5.95538
16.2072 7.77978
6.7861 8.61782
7.55211 9.72564
1.68157 5.89068
1.88971 3.67351
9.86175 7.78588
8.29676 8.1933
2.78329 6.88711
2.29255 4.1554
17.4004 6.55232
1.73467 5.9447
17.9034 3.51054
18.4136 8.66146
19.6063 2.49916
16.3244 9.79339
2.04047 4.03027
9.53032 8.75088
3.35582 3.20841
5.3029 3.87738
3.40831 6.38081
8.16858 9.21415
0.634785 1.87384
1.44292 3.60149
18.5327 7.88812
16.9488 5.72924
11.8058 9.68261
19.8242 6.8923
5.97797 7.38975
16.1693 8.81344
19.6448 3.35887
19.2303 5.57543
5.05509 5.1149
16.3738 7.96991
18.6785 9.953
18.9178 1.99225
3.21665 2.54646
19.7742 8.84976
2.92978 3.50291
7.69555 9.23246
15.3471 8.2345
19.4604 0.916166
19.4177 3.16782
2.68075 4.31837
18.844 2.19916
2.28523 6.61611
18.9123 3.40526
16.2889 9.73632
5.6856 6.12934
8.58974 7.1044
0.364391 4.34614
4.88296 3.75408
17.7404 5.13779
3.45775 4.22346
1.49602 3.90698
16.8969 6.53462
3.05734 9.70122
0.424207 6.32557
18.8958 6.45222
18.1115 7.20573
18.8794 3.9906
1.58208 1.48961
0.748314 2.75338
7.8103 8.40846
6.88986 6.6979
6.1214 6.59841
0.266121 6.00665
18.0456 9.61974
19.4916 6.9509
15.1628 8.96451
19.8981 1.72765
11.3407 8.7463
4.49293 8.53664
18.7359 2.55013
9.85076 9.03562
10.6851 8.84091
14.5537 9.56572
3.47606 7.61101
3.33934 7.6867
4.532 4.98825
18.7768 7.64275
19.787 5.44389
5.36393 7.33207
3.71532 7.16117
12.1403 9.49858
19.6362 1.5949
0.126957 9.14945
2.17597 9.45585
2.96762 9.96033
15.9856 7.07907
17.1191 7.30155
11.2912 8.94742
5.80401 7.87255
4.43739 7.12424
11.5317 8.29859
0.459609 5.49028
19.577 5.46007
2.67525 4.25886
2.26447 6.70248
16.5429 6.6747
10.5686 9.74517
15.6786 9.15891
19.096 3.12662
19.5734 7.70898
4.04981 9.03256
0.344249 7.89819
6.77633 9.60204
16.5075 7.14957
18.4063 9.2938
15.6835 8.01752
16.3787 6.10034
1.04251 7.49565
2.85836 2.21076
0.938749 9.40123
5.50371 6.73086
15.5284 9.26542
1.53508 1.30375
0.75869 8.65535
19.3188 7.13675
2.16437 1.9657
6.80807 5.98468
2.23579 7.31925
2.9133 7.08579
4.56252 6.82852
7.29331 7.36167
0.480972 3.15348
0.089114 3.60332
0.185553 8.67275
9.92401 9.82238
2.93893 8.88272
9.68108 7.528
7.23716 7.04215
2.34016 2.15369
3.17881 3.95032
7.54357 6.69332
16.3146 7.04123
8.51039 9.35057
7.69127 6.03198
4.82803 9.57701
17.5311 5.356
18.3197 4.00494
19.9689 2.7018
1.95257 6.69118
6.94479 9.72442
2.11982 2.14667
5.01236 8.86532
9.30021 8.99594
6.82272 6.55416
2.74789 7.38578
18.1115 9.98596
12.0548 9.30082
1.81951 5.94958
7.52525 8.92483
0.885647 1.45268
0.667745 2.5605
14.3864 9.64263
3.11106 8.7817
10.3775 8.55159
9.5352 8.8287
8.35536 6.71102
19.8865 4.52284
17.9968 3.99213
6.86178 5.55437
8.58791 9.0997
2.85226 8.95566
6.81234 7.04062
1.03336 0.857265
11.2314 8.62789
3.67504 6.89199
16.8297 6.57552
1.08097 8.39747
10.5838 9.04935
3.89904 3.24412
17.1496 9.11954
5.52202 9.56481
18.0932 3.78826
5.70513 9.96887
19.5807 3.70708
5.05264 5.89251
16.541 6.26301
8.48781 7.40745
5.29801 9.57762
17.0391 8.67428
3.9143 7.00766
4.55641 5.44877
17.3052 7.64733
15.2702 9.19279
9.79949 7.24143
3.78491 9.335
3.69152 8.25098
18.3636 7.39433
3.17698 3.98633
17.9083 9.00906
19.9939 5.98651
1.56926 9.39146
5.19425 5.91082
2.67708 2.2251
3.81298 2.7781
7.15415 7.58385
3.01767 3.08329
19.5001 6.25935
0.335093 4.24085
2.60445 7.25028
19.9445 2.88644
1.26102 5.13871
3.57311 6.14582
1.40141 7.51335
1.04129 1.52867
18.3917 3.46538
7.17002 7.67479
17.6208 4.69802
1.35929 9.51842
17.3034 4.79049
1.18412 6.02557
16.3823 6.64724
17.9601 6.54958
4.24818 9.58647
5.05631 9.06156
5.71673 6.82241
4.79568 5.04074
17.3736 8.97916
3.10801 7.04245
10.4587 8.83511
4.29212 8.9462
17.4242 5.22965
16.5691 7.01529
17.094 5.11399
18.0059 4.62874
7.35496 7.051
19.9847 8.40571
3.37596 6.61916
2.24555 2.35603
10.2536 7.92596
19.2541 8.93216
17.3724 8.73501
17.3968 9.35179
16.2792 7.39982
2.46773 5.0206
9.3112 7.23289
4.18775 3.30424
2.31208 9.0289
16.2304 7.61284
12.0377 9.18088
4.64919 6.69729
4.16456 5.66668
3.79162 8.11365
4.89578 6.21387
18.2324 8.67153
4.12915 9.1583
1.40446 8.66482
17.5665 6.03595
15.1659 9.64385
17.0159 6.3213
19.9414 5.94836
0.189215 1.65349
11.5488 8.83114
5.94073 6.9277
1.20304 4.75326
5.49516 6.4156
7.33116 7.59911
6.04694 8.9697
1.38188 5.81011
2.64168 2.96426
0.643941 9.40611
19.2267 8.8171
0.245369 9.27366
11.6233 9.96673
7.46178 8.41365
14.3083 9.78637
18.0969 9.17722
3.75378 9.02463
2.45735 5.45824
6.70736 7.26554
19.3695 4.1203
1.53813 4.53871
5.5092 4.55885
19.6966 8.48994
16.7565 6.91031
8.33155 7.72576
8.84121 7.14774
1.44169 9.16532
16.1095 8.57936
1.70171 1.22532
19.4055 7.25883
1.7719 2.06915
8.93338 8.00256
19.9915 3.14829
0.943632 8.87173
7.92993 5.81378
6.23737 5.90716
17.3235 6.35121
3.92651 6.01825
17.3119 9.01181
7.10654 9.94995
16.6533 9.69024
19.9219 1.90039
10.6461 9.84558
18.7274 4.18592
3.66588 8.41548
7.05527 8.89157
18.9929 8.0752
0.982696 7.82128
2.41707 6.68661
5.1796 5.99292
1.44047 9.79003
11.0587 9.34568
0.285653 5.09018
1.99774 7.71661
0.495621 9.0405
1.03824 4.7148
3.10007 7.57012
6.09333 8.66298
3.62865 7.8338
6.00604 4.58632
7.59606 8.90286
11.5574 9.02738
17.553 9.26237
8.11914 7.97327
9.91852 9.35606
5.76922 5.46342
17.4438 5.8385
1.11087 7.63665
1.75359 7.68639
10.8335 8.03949
16.8743 7.34001
7.26157 5.61571
3.20688 3.9201
17.6269 5.07736
2.91879 9.81384
16.3646 9.98718
8.49208 9.54741
1.31718 4.03974
7.31101 8.24213
2.10089 7.31193
16.3939 9.20377
18.8379 3.41746
18.8757 6.48396
2.6838 2.55257
5.34074 8.8168
5.26139 4.17035
6.38691 9.32615
17.8399 9.69573
6.21418 7.42729
0.968047 9.21384
4.70168 7.11814
17.0623 5.56047
0.85818 3.66894
7.47032 9.70824
6.14582 7.38365
2.92978 2.49306
3.31126 6.22974
8.45851 6.58193
2.41585 5.22233
17.3736 5.99048
7.54234 7.77459
2.54341 4.73464
1.19572 6.80563
17.481 9.44243
17.8417 8.14508
9.15372 7.83441
17.6611 6.82974
14.514 9.86389
9.93072 8.13684
6.31184 7.19626
19.3109 1.59886
11.1545 9.96979
18.4606 6.31489
6.36616 6.63045
19.2761 1.23295
6.30024 6.13453
18.8934 2.29957
3.23496 6.29505
1.15238 9.17417
4.756 7.97418
6.73421 6.77328
2.47505 3.07108
10.0339 7.61864
17.4621 8.26533
6.81784 7.27958
3.67443 2.87332
1.96905 1.95196
2.53487 7.30613
0.631123 3.66894
11.4566 8.88577
18.9624 8.09229
6.33076 5.82171
0.0384533 5.43779
5.46709 5.31083
3.50108 5.04898
19.6374 1.92633
18.5974 7.20389
3.62011 6.92801
17.5402 9.22819
2.72408 9.8001
17.7367 6.81509
0.151982 2.64382
17.0458 7.85119
1.68401 8.32881
8.00867 8.95291
1.96051 9.33378
1.61138 2.27638
17.5036 6.01611
2.20161 9.36644
9.6408 8.5345
9.20316 7.93085
5.0618 9.99603
16.0253 7.6632
7.92016 8.40449
17.6006 4.95712
17.4627 6.66189
1.80486 1.65899
11.1374 8.71609
18.8128 7.65709
18.2141 3.04666
6.02924 8.6465
4.08032 4.79446
6.60848 8.48384
10.0272 9.64537
16.2682 9.00723
3.7904 8.12983
10.936 8.1167
5.63311 5.87085
9.93316 8.74081
18.374 5.20676
9.31364 7.46208
19.0423 5.09934
17.1239 6.19129
9.75249 9.5117
1.68157 4.80331
3.25266 7.10807
16.5307 7.78436
3.96741 4.41633
0.298471 4.98123
0.258187 8.30866
0.482192 8.01386
0.0677511 4.81094
4.82925 5.45518
17.6281 6.19373
3.98816 4.85183
16.5374 8.74264
0.13245 8.10511
4.42396 7.46483
5.9975 7.76299
5.97552 6.87307
16.5282 7.38853
3.24961 5.02853
1.73833 9.6411
5.38835 9.9762
0.332652 4.40046
19.0863 8.80062
0.225227 4.991
18.67 6.1803
1.15848 3.87951
1.66997 9.31486
19.234 9.5056
0.406507 6.18549
10.5185 8.16553
1.00894 0.992157
19.9561 7.78375
3.12204 4.76638
2.19245 7.2924
18.1567 9.80132
8.84182 6.74856
1.85614 8.01935
6.23188 8.37733
6.01032 4.86404
19.3469 8.47743
18.9935 5.46587
0.610981 0.926542
11.8491 9.01761
19.4617 6.47053
12.0023 9.90173
5.61785 8.98282
6.38081 6.83615
15.1573 9.07834
4.20667 9.33622
0.863063 4.34339
6.67745 9.02005
16.4953 7.76879
6.43147 6.6158
5.4677 9.79614
4.71755 8.86502
17.3064 7.08548
2.6606 2.08014
5.96026 9.09024
4.83901 4.53688
5.68987 6.18427
8.41945 6.33106
5.11551 7.58019
7.75292 9.38841
18.352 7.26554
15.8873 8.9407
9.91424 7.5161
2.47017 5.38377
0.720847 6.25538
7.00949 7.82769
1.52532 5.80096
0.900906 7.27531
18.4857 6.22486
1.98798 1.42949
6.90451 6.18732
8.83511 7.97327
9.81048 9.29655
5.6972 9.72625
18.4283 5.56017
3.16111 4.88021
1.24271 1.62938
0.0677511 6.91671
6.35395 4.57595
17.6525 8.22321
9.40275 8.18934
0.195318 9.06888
18.6431 6.33259
5.89923 8.79574
3.33506 5.51195
2.41523 5.31693
5.95172 5.05509
7.20786 8.72982
1.28117 9.2291
18.6328 4.84207
4.19141 6.86392
3.35093 9.41069
18.5815 5.06027
5.06607 7.73736
16.7064 5.53026
0.36256 0.71749
4.44105 5.55315
17.1966 5.7738
6.66219 9.98321
4.4789 9.62493
10.8206 8.97031
8.94009 9.98718
8.24732 7.20511
4.83963 8.13562
18.999 4.19843
10.0143 8.48872
0.301523 2.25715
18.8403 8.2049
7.75597 7.23472
3.31187 3.05826
2.92001 4.7203
18.9569 5.82263
14.4707 9.75951
5.19913 5.74664
19.1034 3.41655
8.0221 6.93899
0.618915 9.5703
12.6005 9.35759
4.42213 3.92224
6.06098 4.50575
2.44148 3.52855
1.0535 6.29749
19.2102 7.29362
15.9844 9.8117
3.95581 9.49522
18.4539 5.18845
1.62786 1.46672
6.67013 5.53117
19.1668 2.35694
16.7461 9.21842
10.0644 8.71792
12.6859 9.6646
2.21686 7.91314
5.93097 5.55559
17.738 8.11518
1.01566 4.86404
1.87017 3.26853
9.93072 9.81475
4.71206 7.73644
4.59304 6.51387
9.24528 8.72951
10.6626 9.51384
15.4637 7.59331
2.31758 7.66228
8.82656 9.94293
19.1833 5.34471
17.7154 5.00107
16.2499 9.85473
3.05795 5.70391
1.36418 6.57277
2.8431 9.32859
6.40339 8.93124
0.743431 2.38929
6.29536 9.35881
17.7654 5.32304
16.8761 8.75851
5.33036 9.71343
4.72182 7.23838
16.1449 6.72597
5.03372 8.48781
9.95575 9.95911
17.7136 4.9913
0.106204 3.62621
4.1554 5.15091
4.6382 9.27396
6.45405 5.95386
3.80016 3.02347
0.252083 9.38414
16.6942 6.10675
18.609 4.00586
0.705588 2.58644
0.548723 6.16871
0.480361 1.8775
0.390027 5.14298
5.91266 7.26463
2.6661 2.2306
5.28275 9.67193
5.99139 8.5818
9.14274 8.66085
2.16987 2.54067
3.10251 3.61126
18.4942 7.24418
5.49394 7.43095
19.9646 3.35582
5.29496 4.04981
8.93094 6.98172
0.498062 6.68508
19.6741 1.71361
4.02234 8.03644
0.202643 5.80432
2.08441 9.16288
19.8926 8.01935
8.68313 6.81539
0.251473 2.31788
6.9686 7.06992
10.3946 7.9873
1.2775 6.2743
7.26035 8.67214
18.0523 4.95407
18.8141 5.87603
4.74136 4.02417
8.24488 8.23725
17.8155 4.11725
6.06342 9.03928
5.09598 8.84518
2.35725 9.77569
5.29008 5.6682
1.38859 6.84317
6.50472 5.2147
6.9747 8.00348
4.17615 9.65484
5.25773 7.2869
11.5378 8.36024
10.5161 9.19675
5.08194 4.85611
4.76943 6.81967
7.95434 7.9516
11.6568 8.92941
7.50084 8.20307
0.4944 3.04025
4.10535 7.22068
4.84817 5.80035
0.77456 2.45491
7.67785 6.70644
5.41337 8.92026
17.138 6.95822
15.5174 7.6577
9.77386 7.78497
8.46828 7.75323
17.4169 5.96881
9.63775 8.34315
5.80401 6.21632
4.91226 9.69665
3.15195 5.69567
7.52159 5.87603
8.85098 8.74355
18.6077 2.69234
6.82577 6.65761
0.6592 3.13242
12.302 9.1586
19.8383 5.37492
19.0783 9.21659
19.3793 7.13065
12.5352 9.49553
3.65123 5.19944
0.225227 7.31529
5.3621 6.12049
3.22459 5.84796
3.17576 2.28401
3.35276 8.36909
0.975372 8.07123
9.17814 6.94174
4.4966 4.50056
2.74972 7.21885
16.914 9.85595
2.11188 4.05225
3.81848 2.89468
1.4069 6.63839
16.5642 7.50511
16.1296 9.17478
0.100101 2.08625
3.79528 4.62783
5.64592 6.40095
18.2635 4.72121
9.92523 7.32139
18.836 6.6686
5.42741 9.24619
19.4079 3.18888
0.234993 8.83511
8.41273 8.42006
18.7719 2.66549
2.30293 2.2544
19.295 9.20774
17.5671 9.87121
16.8133 8.66909
2.9664 3.61797
18.1451 7.30094
5.95233 9.14029
9.06522 8.18842
1.55889 7.21946
6.05976 4.7557
6.93808 6.5685
1.39225 4.80514
19.4299 1.54149
17.2289 6.54988
19.6936 9.94964
1.49785 6.75893
6.60787 5.54552
2.77841 6.55843
2.59529 6.1861
1.91046 7.34306
8.193 7.07724
0.87466 2.37159
5.33158 8.19452
2.42439 7.9281
2.9017 5.92334
6.46382 9.80743
3.97717 8.717
1.80914 4.32661
8.38649 9.01425
3.66466 4.90951
17.0904 7.2045
8.04529 8.83816
0.780663 5.39354
2.47688 8.08679
4.42701 6.30116
1.25858 4.7322
10.0961 7.8048
19.068 5.98773
1.7011 1.25919
18.5314 4.95285
16.7443 8.75759
8.38893 6.7217
8.12708 6.69485
3.08725 3.62835
15.8092 7.21244
3.26243 5.39781
6.89047 7.21244
18.6486 6.31947
19.2706 8.90957
4.09925 8.85434
4.08094 4.39467
11.4151 8.32728
16.942 8.93796
18.6987 3.82427
9.65911 8.85189
19.3793 1.4069
9.59624 9.55809
5.49516 9.58068
19.1614 8.91934
1.98065 6.37806
18.8275 4.21247
18.7451 5.74633
8.99075 9.33622
4.00525 5.22935
6.26667 4.53688
11.1234 9.36827
5.82965 7.23472
19.5044 4.24604
7.4398 6.4507
6.76412 6.28956
2.7015 4.71175
18.6254 7.07175
2.82418 7.17551
12.6823 9.06522
19.1394 5.54186
19.3915 5.98682
1.46367 7.9986
19.2328 5.73473
5.33647 4.85733
2.15033 5.13413
8.72524 9.48241
3.5371 8.27692
8.86929 8.68831
0.18189 7.02414
15.1598 9.69451
17.1215 7.83502
3.36131 7.9809
3.78918 8.8757
18.4033 4.39405
3.15317 2.9368
3.21543 9.40214
11.7704 8.60134
6.79891 9.73144
6.33564 4.95285
0.291147 7.43034
16.9304 7.25822
17.0074 6.94632
6.74459 6.98508
2.39814 7.55516
3.54381 7.79077
19.0216 4.21674
0.747093 5.76434
11.7655 9.3292
4.98733 6.6567
0.69277 7.82495
6.98019 5.95843
7.73339 8.08618
5.46892 6.21937
19.6692 7.73461
19.8846 4.16425
4.32569 9.09238
5.36821 4.58846
8.81558 7.75292
19.8096 0.75869
4.49355 9.86572
4.01135 3.19681
18.2781 5.28275
4.79324 7.04886
5.60564 9.59166
2.10883 8.4106
0.435194 0.488296
11.2833 8.16187
8.07825 8.95993
5.78936 6.9451
0.111087 1.82867
15.0475 9.40367
19.4275 4.99527
0.79104 7.30735
3.36314 4.88784
18.8842 3.72539
17.832 4.17768
1.31962 2.82479
2.25898 3.74615
5.03616 3.69549
1.21586 4.76211
7.89209 7.48711
0.991241 4.84603
7.70043 9.12534
3.96374 3.05033
6.06525 4.82803
10.6119 8.01263
7.34825 8.57356
1.98309 2.78909
4.96231 3.59478
16.7022 8.79147
2.69112 3.04697
6.01337 8.07245
18.1713 3.24534
6.55171 5.73656
3.80749 7.53441
3.66955 9.03836
0.102542 3.96222
6.16596 5.24155
18.9599 7.91803
8.51588 9.93896
0.792261 6.45528
0.846583 8.09259
4.026 9.953
1.1597 9.70977
2.47078 9.06919
18.5253 5.12894
19.3927 6.34297
19.5172 7.11692
3.59508 2.70333
4.48866 6.27613
0.401013 4.33027
19.8761 4.9913
15.5455 7.42485
19.5996 7.91131
17.1209 5.86688
5.38408 4.23902
7.51854 7.02628
2.83151 5.22202
19.61 8.26991
0.0238044 9.87335
1.06021 6.32984
4.68337 9.24039
16.8767 9.34263
3.19529 3.5374
19.1144 2.8309
5.64898 8.10175
0.130619 2.19703
18.7225 6.18
17.8399 8.11701
4.50941 7.71661
7.03879 7.10105
11.4457 9.74212
18.1622 8.72372
0.691549 1.92846
5.09293 3.67138
18.2568 7.95892
0.85818 3.2609
5.42253 9.91363
6.816 6.46443
19.295 6.42415
19.541 6.1391
0.998566 3.94818
18.7982 6.64266
1.59978 7.8576
16.1931 7.02048
16.0631 7.56279
14.3187 9.60967
19.5007 7.49351
5.69903 6.77969
6.12323 4.626
5.67705 4.89059
6.82089 9.8056
1.95135 2.39113
0.785546 3.56365
11.5195 9.33531
17.3852 4.68642
1.01871 4.12275
10.9238 8.99411
6.75314 9.68841
5.85833 8.8815
4.78713 7.57073
0.877102 5.01297
3.26853 6.10218
1.64129 2.95724
17.7557 6.09272
17.232 6.25324
8.17835 7.61437
16.4959 7.7752
2.11005 8.88058
3.89355 6.33045
16.1516 9.89715
19.7229 8.01416
11.9687 8.91385
17.102 8.7933
4.63454 8.85067
6.71957 6.23096
8.98221 7.96411
19.3847 3.0604
19.2505 7.04825
7.4929 9.76257
7.78527 8.22657
0.559099 8.26746
17.8588 6.87124
8.69594 8.36116
2.99203 5.262
19.9054 4.36934
15.6371 9.46959
16.7193 5.99414
8.55739 7.76574
2.11127 4.65896
18.0047 4.64614
0.126957 8.92514
3.57738 8.68313
4.16089 6.53798
0.438856 8.68679
5.99567 6.94143
3.31797 4.71145
8.19056 9.80804
19.2431 6.0213
8.43348 7.69494
6.02802 9.44182
5.67949 6.14063
17.7886 4.50514
8.27784 7.88263
3.69213 6.80807
18.2147 4.78988
16.8017 9.58098
5.8388 6.22669
18.9123 5.95508
17.1734 7.60186
6.11652 9.92096
4.70107 6.41408
7.89758 5.81591
1.71636 6.62893
6.28498 7.57073
2.08869 9.34629
16.6527 9.81079
5.10331 5.33799
2.34443 4.4261
0.167852 6.35701
5.72039 5.08438
2.27485 2.725
17.0251 8.23328
10.3317 9.37834
0.821558 4.60067
10.0443 7.49474
11.4725 8.42311
19.9176 6.07166
4.10413 6.71529
16.5777 9.90356
19.7638 7.87896
15.7964 7.38456
17.5787 4.90616
18.084 6.84652
10.7181 9.72472
19.8022 1.63579
6.08905 5.97583
17.5231 5.60381
9.33683 8.1283
5.00504 9.97528
16.7864 8.62423
2.64901 6.61214
9.75005 9.83551
4.67971 8.37855
11.5696 9.3524
18.5192 5.96545
1.16703 4.74136
6.50533 9.83154
3.79589 4.20026
9.57488 7.01376
17.047 7.99799
18.3691 9.26878
11.3175 8.84182
0.782495 2.96731
9.87945 7.60521
0.928373 8.60347
2.00323 4.15662
19.9792 3.51207
11.9437 9.71984
18.9294 9.15342
1.98614 7.4807
4.34339 4.16303
11.6349 9.18882
1.07669 6.43818
18.919 4.50087
16.0936 6.6802
19.1375 9.70489
0.672628 4.59517
15.9185 8.81771
8.31874 7.5988
3.27769 3.23588
17.0202 5.09964
6.92099 9.3939
5.00565 3.66344
16.9921 5.04776
18.5418 8.88607
12.8526 9.93622
0.301523 4.86618
18.5345 8.06604
17.8356 9.75158
10.7059 7.8161
18.3374 6.25538
19.013 6.00024
6.87155 8.40022
5.25346 4.79171
4.31104 8.30744
1.32572 9.53795
9.93316 7.88507
0.830714 7.26341
7.03024 9.03714
1.30192 3.23649
3.54076 9.16288
16.8981 6.76473
9.10733 9.71374
9.2172 7.09189
19.5672 4.03394
2.11921 5.39079
3.08176 7.56615
16.9256 5.94256
2.75643 9.02371
19.9011 7.96533
0.044557 4.07636
1.29398 1.51006
3.75317 2.86203
2.86996 5.77746
17.1349 6.15864
0.529801 8.02332
0.0848415 3.70525
15.6438 8.37947
0.538347 8.14661
18.7609 5.88275
2.42988 8.29463
3.62194 4.94064
5.98834 5.86047
3.38328 3.69518
18.4802 3.42143
17.2771 7.60002
2.30049 7.1102
4.23597 5.90808
1.33549 5.28062
3.80322 3.37321
9.35148 8.10968
7.52037 8.24824
17.6043 4.5558
3.2899 2.53517
14.962 8.63857
18.6889 7.21854
6.98691 5.40178
0.468154 5.71917
18.706 3.08481
16.5905 7.52403
16.0576 8.6346
10.748 9.73357
0.0183111 6.60665
2.6307 7.53105
2.65938 7.18101
18.2635 6.03259
19.7851 5.21043
2.76925 3.81909
12.4662 9.16288
10.1926 7.44469
19.5807 5.65355
9.47722 8.37275
4.69741 4.48378
1.33427 6.41255
17.6861 5.96026
6.56209 8.11426
18.0718 9.00754
4.26344 5.65538
2.6191 5.96088
2.60201 9.99145
6.19098 6.21296
3.13242 2.57729
19.5441 8.18323
11.854 9.87091
3.0427 2.96274
4.14991 7.93542
4.29334 4.59822
1.69683 8.25098
3.36192 7.18802
0.289926 7.23014
19.8724 9.44273
18.6041 9.18485
9.17631 7.57225
5.3383 7.46757
5.17533 8.32179
3.68542 6.86117
6.75985 9.83551
2.67037 2.25043
0.529801 8.80062
7.77245 6.13849
1.50822 8.02057
9.62371 7.78191
12.9789 9.56053
3.25816 9.99145
1.919 5.60839
8.18751 8.03156
8.57814 7.23502
11.937 9.19828
1.17924 6.55171
0.870998 1.26377
5.94623 5.356
0.792261 9.54497
3.57067 3.52062
9.77447 9.14335
1.11148 3.33171
3.75011 6.15528
0.67629 9.5114
18.3776 9.36369
6.39363 5.103
0.117191 3.37901
6.45039 6.15497
0.355846 9.74731
4.92203 3.78613
4.31837 9.89227
16.8853 5.68499
1.19083 1.19877
5.27238 5.82446
19.1015 3.34544
0.845973 1.32817
4.6736 4.18256
0.217292 5.3914
0.23072 3.14798
3.61278 3.63109
15.8171 9.24986
17.0367 8.62392
16.87 9.25718
18.2141 8.36421
3.79955 9.1821
6.46626 9.69176
1.13956 3.90698
19.4739 5.0676
0.0585955 7.72362
17.3937 4.66262
4.54848 6.83035
5.73382 8.37916
4.34095 4.82681
11.9474 9.06339
3.87402 3.20811
0.64272 6.17756
4.1908 3.66527
3.20872 4.75112
3.95581 8.59432
7.93603 6.84042
4.50636 5.89343
8.86746 8.1399
3.08725 4.7087
7.18101 6.8688
1.26957 5.02945
10.1444 9.42076
6.07807 8.52748
19.1253 8.09503
8.7698 9.53825
0.683004 9.00113
10.4746 8.6108
2.13324 4.50056
2.40486 6.85842
16.5007 8.68068
7.76696 5.91845
1.01688 8.7698
1.08829 2.59255
16.3866 9.56786
5.7149 4.18867
17.6489 8.34162
5.00137 5.12619
16.6094 6.72994
5.68377 6.48946
0.0500504 7.13797
2.1839 4.77309
15.6761 9.10703
1.08707 5.59526
4.15418 3.55632
2.43416 7.05954
0.531022 2.13446
12.0133 9.1345
6.97104 9.51872
0.888089 8.09748
17.4053 9.05881
15.753 7.55943
4.92569 8.50185
4.20362 3.04147
18.6645 5.1381
5.08316 3.93719
19.5141 5.26261
11.7985 9.37864
0.567644 6.99362
1.15787 4.62844
6.91427 6.28285
16.126 9.42137
15.8757 9.46043
1.90924 9.66704
9.59868 8.03156
0.271615 0.347911
8.17957 7.5866
8.90103 7.77367
7.68212 7.85119
10.5368 8.37275
11.4249 8.28028
16.3591 6.58803
18.6084 5.54704
17.799 4.70077
0.194708 2.44057
17.7563 9.57091
2.52266 8.53175
7.50206 9.83062
5.79424 5.22507
4.6498 7.7752
1.89703 8.66085
2.31697 9.46654
9.20988 9.68322
11.8644 8.84213
3.63109 2.76162
0.792261 0.853908
0.109256 3.75195
16.4812 6.96066
15.4595 8.00897
1.58086 4.53993
0.458388 2.01331
0.656758 6.5685
1.48381 5.10361
19.3756 2.98318
10.6412 7.79748
10.6839 9.14396
7.53502 6.65639
17.4749 7.92199
6.53706 9.04752
18.9605 4.95071
1.53935 2.16163
4.4911 8.64345
18.5339 9.15036
5.62761 5.41307
2.50984 4.58296
3.43944 4.89914
17.6128 4.68703
11.3163 9.60143
6.21113 8.0517
14.9107 9.6585
14.7789 9.43236
5.30229 8.22565
17.4114 5.98285
4.03333 3.26304
19.5807 7.05649
0.116581 6.84011
1.77984 3.73302
1.37883 6.97287
1.6773 3.56883
19.9402 9.27213
5.75945 9.19309
0.145268 6.81021
2.03558 3.00211
9.25382 7.81732
7.46666 9.70672
0.21485 4.15265
1.28544 7.18528
17.702 6.98355
4.22254 8.47407
1.77129 3.16813
2.45308 7.50481
2.16742 4.76821
19.1437 3.85662
2.24189 5.3502
0.900296 9.22452
6.74093 6.45589
9.68413 9.11527
18.5437 4.31745
6.17756 6.68172
3.78368 5.95416
3.72265 9.40489
0.0305185 8.17743
0.275277 5.5562
16.9665 7.91375
16.9152 5.95416
19.7418 9.65575
19.848 2.40638
6.26911 6.86819
3.16233 3.69884
18.8086 7.39677
18.3239 3.02164
17.8423 8.76095
3.4022 5.28031
3.09641 6.70034
6.58223 5.67217
4.35987 6.36738
18.3789 5.13413
19.2456 4.67116
5.06302 9.28312
0.355846 8.74416
19.0423 8.73592
5.85284 5.01724
0.415662 8.52443
18.4417 8.16767
0.755028 5.12528
18.1372 7.99493
1.30924 1.40446
4.32386 8.50856
4.75173 8.51344
4.67483 9.67711
6.14887 5.9447
10.4239 7.58171
9.93255 8.6935
0.278329 8.26289
11.6312 8.80764
3.92468 5.98956
18.883 8.32148
2.94015 5.17319
4.14136 9.98962
2.43721 2.86935
3.99121 9.66094
11.6453 8.76186
17.0702 7.59117
1.38005 6.38661
3.85937 9.56542
4.7499 6.26331
8.48537 6.58254
0.196539 4.83596
1.48686 7.55242
17.7526 6.64113
18.7072 4.85092
12.2068 9.72839
19.0515 4.81277
19.6643 2.37983
15.0529 9.89654
1.92389 3.25022
2.05145 5.04135
4.34523 4.62874
6.58162 8.75637
6.01093 5.68102
2.21259 5.23453
1.59917 6.37288
5.82354 8.14356
18.0596 8.24366
6.25752 5.27696
18.2165 4.25275
0.612812 4.49263
18.916 3.2963
2.69784 8.0047
2.40852 3.52947
3.98206 8.90316
1.82379 5.64928
17.7825 9.28831
6.29719 6.97439
17.7233 7.02475
4.8616 7.20328
18.0071 7.54295
3.02194 4.36232
9.26908 7.70592
1.45878 8.24152
2.14057 6.15223
4.86892 9.42961
2.2718 7.44926
1.38005 9.98871
6.69088 9.57121
1.76336 8.57967
7.89941 9.06095
19.3054 9.84375
18.2977 9.26786
5.80889 9.16532
5.69292 6.498
0.402844 3.88256
0.70925 7.75475
10.0162 9.888
0.549944 4.86038
8.93887 9.11924
18.0627 9.8352
8.8638 8.73226
18.421 9.68444
2.79733 5.25742
8.14844 7.94092
3.80261 6.47877
3.4962 9.7705
18.7371 2.68258
4.22498 3.61034
2.07526 4.14258
0.447401 6.11774
0.0842311 6.39576
10.5283 7.99707
5.07462 7.12058
8.99136 6.78457
16.6222 8.64467
19.096 3.67595
19.2132 4.50331
18.1707 5.96057
7.80114 6.66219
9.17508 7.82189
16.2951 6.53401
5.00626 9.0762
14.6318 9.51811
3.19773 7.32292
2.64901 9.11557
2.61849 8.97549
7.40806 9.62981
18.4436 4.99344
0.448012 1.89856
1.33366 4.68062
3.20261 9.20194
1.13163 1.21982
19.8511 6.17176
1.86285 4.99741
7.10166 9.2645
2.29377 3.49925
0.985748 4.38612
16.9781 9.86602
5.00381 5.58641
4.04859 9.96857
2.03619 5.03494
2.10028 5.11246
5.38285 7.39067
7.35374 7.85424
4.24451 7.56371
1.43376 7.58019
3.13425 9.8764
2.45613 3.33018
8.13379 8.32118
16.7779 8.02881
19.1485 8.55892
1.39592 2.13172
7.75842 6.67959
1.18229 7.59606
5.01968 7.8457
4.11206 8.67153
8.7112 8.49757
16.3018 7.61803
9.88983 7.74468
8.1991 8.48384
19.6411 7.42271
7.87927 6.97897
19.4153 9.96612
4.99893 4.32264
8.38771 8.58364
3.13791 8.89035
17.7416 5.76769
3.09763 8.82656
17.5774 6.16352
19.9615 4.46852
14.384 9.36522
3.80016 6.63533
4.43678 8.07001
4.36781 8.55281
19.4586 1.395
18.9013 2.58461
15.656 8.39991
3.38084 3.43791
19.3146 4.79659
10.8683 8.84579
18.0633 8.22626
0.170904 1.2714
4.2671 4.90432
0.42848 6.04968
0.702536 5.71032
17.561 5.30992
11.3767 9.09207
19.0173 4.31074
2.4604 3.81115
5.31083 9.13602
0.110477 3.09519
4.84878 7.19016
1.93854 3.34086
19.425 4.21674
5.23026 8.37825
9.5645 9.45891
16.317 6.64388
3.86059 8.97061
16.3787 6.93503
4.6968 8.51405
19.6258 8.92209
3.16843 7.90094
16.4458 7.89483
2.65755 7.46513
19.6936 1.94739
16.1193 7.02475
19.1748 4.43953
9.04813 8.56441
7.81701 9.4409
2.53731 6.15192
8.96939 7.65221
1.94403 6.02802
1.1243 9.14884
6.12445 6.0033
5.54582 8.27784
3.08481 5.74694
16.6228 5.78784
3.13913 6.9863
1.75848 9.08811
9.34111 7.01468
2.27241 2.2779
4.85916 3.95337
0.629902 2.82144
8.7466 8.66787
18.9227 7.85455
7.35801 8.2934
2.46956 3.63445
6.06525 9.241
19.6503 8.19544
19.873 4.48561
1.25248 2.69326
0.438856 6.39546
5.36454 7.88385
0.936918 9.56267
4.9263 4.98611
6.8508 6.03748
3.11167 8.50642
2.85775 3.46446
19.1443 5.24186
6.58528 7.87469
19.5099 8.69472
19.5276 1.89886
18.8971 4.98672
0.0903348 8.59584
16.7858 9.15738
3.79833 7.05893
1.89947 7.58812
0.954619 5.10849
1.21891 2.68624
4.5558 8.51344
4.69558 5.50279
0.44557 4.02997
4.28053 3.91644
2.31941 4.03302
9.58831 7.73278
16.2224 8.51527
16.1827 7.04276
16.5996 9.47722
2.10456 8.5577
3.37535 3.343
11.3523 9.9881
3.35337 9.97955
16.4782 9.12961
17.8765 8.60805
6.274 6.53371
0.410169 5.04257
2.51411 7.34977
2.83029 4.88083
0.418714 5.14664
5.51408 8.57356
9.29106 7.37724
16.5319 8.98984
19.4617 4.52773
2.02155 7.16605
6.4449 8.22199
19.7308 5.65813
4.20362 9.95209
7.83044 7.31254
5.55437 9.85931
0.859401 8.32575
7.56066 7.58141
4.99466 8.99106
3.31431 2.89682
10.3336 8.76461
9.72686 8.09107
4.45631 8.17774
1.5772 9.95178
2.70455 5.84765
3.25022 3.07688
0.00061037 7.68578
12.4821 9.10092
5.4384 4.96292
1.79937 2.48146
4.73525 5.39293
7.06992 6.6509
4.18592 4.14624
19.2004 3.13944
9.25077 9.13053
7.59789 6.97531
18.5302 3.71288
2.19672 7.70684
7.463 6.67837
2.24799 7.63787
16.7516 6.0448
2.58492 5.6682
3.06223 6.28224
4.14869 8.36634
4.15235 7.42332
16.8542 9.22239
4.57717 3.83404
11.8192 8.88638
10.3616 9.81933
17.6202 4.75143
1.81402 3.6787
0.208136 0.475173
2.78024 9.84222
8.11487 8.22108
2.10456 5.61602
6.14032 8.78231
2.26814 7.77703
1.37638 9.08689
4.1261 5.5092
1.20548 9.93255
17.6867 3.96558
0.742821 8.81649
1.44719 5.7796
19.5819 4.29609
0.962554 6.45222
1.78716 2.74972
19.8291 0.393384
3.12693 7.89026
0.0982696 2.66366
0.456557 2.69204
1.36296 3.00882
14.76 9.28129
18.5723 5.30961
1.0004 9.4174
2.76254 7.79626
2.5483 8.74325
18.8379 2.76803
15.4387 9.48454
17.9803 6.89688
3.75866 9.90356
0.460829 7.78497
18.6328 7.74133
3.21299 2.99448
17.2228 5.96179
7.95923 8.717
12.2697 9.98383
4.30921 3.40922
9.16105 6.54805
17.4548 7.30033
19.2602 3.5728
4.74319 8.73714
9.10184 9.43083
3.6848 3.76354
0.488296 4.43617
9.72015 7.88568
2.05878 4.60067
1.78045 7.97906
18.706 7.74224
3.03049 5.18357
18.9209 2.73141
3.12876 2.58889
15.9386 8.51527
2.19977 3.57585
16.7748 6.27338
3.98206 5.70666
0.869778 1.44505
6.39668 8.44722
3.19956 9.17051
18.3923 4.4377
2.34016 8.43013
19.9902 8.83572
4.54848 5.0145
0.294809 0.312204
3.1843 7.58751
7.83959 9.41008
4.05225 9.86297
10.925 7.83349
1.97699 8.17774
0.929594 1.48412
12.4027 9.56206
18.8787 7.44438
5.94745 5.38285
5.56047 4.80819
0.833766 1.22745
8.60805 9.42503
15.7817 8.97275
12.0518 9.15922
8.88638 9.7998
2.15705 9.94049
5.7625 4.55733
17.5976 8.63063
8.43654 9.44731
2.11737 9.50041
7.66991 8.3929
16.436 6.72475
19.8706 5.14084
18.7426 2.8901
0.100711 6.48732
12.3527 9.06522
4.27015 7.2631
1.91778 3.89172
0.155644 1.06357
0.133671 5.11246
9.21171 9.76684
18.6297 3.70586
4.86526 4.55031
15.396 9.22941
18.2134 5.90381
8.45241 6.97165
1.43254 9.21873
4.93179 7.56951
18.7933 2.4781
5.23515 3.82733
1.94525 5.23484
2.42561 3.04544
6.73666 5.29008
14.8613 8.90042
2.55379 4.42488
5.13504 7.48405
1.10294 0.960723
7.39525 6.44795
2.10456 3.44584
7.50572 8.3581
15.8196 8.20032
16.9494 5.43626
4.16395 3.66802
5.47136 8.32026
15.8464 8.18537
1.53447 6.17115
11.4756 9.0173
0.615253 6.85171
19.1235 8.64162
4.14502 7.86737
2.97128 4.86526
1.26591 7.022
3.1312 8.38527
19.4855 1.64312
7.11142 6.55202
16.7437 7.55913
7.05344 5.5678
8.93277 7.02017
10.7242 9.60784
4.4264 3.89203
5.7326 8.68648
0.405896 8.91934
4.77065 8.0633
8.07337 9.62035
2.47017 8.146
12.678 9.96643
6.95456 6.46077
3.75561 2.77291
5.80096 6.3216
18.2299 4.16608
16.1998 7.98334
4.29334 4.44105
19.0521 4.39741
8.12037 8.63216
9.44914 7.93847
10.2927 9.78607
7.9635 6.45528
17.2649 5.786
4.34584 8.32423
12.2752 9.34202
14.2973 9.65972
17.4987 5.34288
17.3949 9.24223
1.4771 6.98752
1.26347 3.71258
7.73644 5.88702
1.5656 9.38444
19.9036 3.91644
7.85669 9.98505
16.7852 6.81143
11.0154 7.92596
18.1042 3.82824
0.293588 8.91049
19.096 4.1908
5.8919 7.40776
6.71285 8.48689
2.1662 8.48811
2.43782 2.53365
1.78289 8.65352
5.27848 6.53798
18.5192 6.88223
5.14847 6.01337
6.11835 8.59859
1.31474 7.33177
16.6362 6.92007
3.80566 9.44548
19.5404 3.66619
2.37983 4.51308
2.53853 2.59621
5.48601 6.16779
1.05777 2.65481
16.5972 7.34855
2.23884 5.45885
19.3658 3.61003
7.25852 6.42476
19.4208 9.15128
1.99408 2.31605
0.65981 8.11609
11.4231 8.55647
5.30595 8.88943
0.677511 3.30485
16.9897 7.0394
6.18488 8.01782
17.7844 8.00531
5.58367 7.53471
18.07 7.87194
9.55901 8.50307
3.58654 2.7955
17.7783 4.1026
1.18351 1.89764
18.3416 8.24824
19.845 8.38984
8.73012 8.23908
17.7856 7.65862
3.03659 7.45079
0.849635 1.11789
17.9894 5.39445
2.82846 6.77297
1.93793 5.12955
16.3811 9.6231
0.183721 3.343
2.43416 4.29945
2.36518 8.40785
18.6267 5.23698
19.9365 7.18467
2.74911 2.51045
18.6169 9.3289
19.8718 5.38255
5.12284 8.87661
16.1132 6.93838
1.6718 2.89407
6.07379 9.95972
6.44978 8.06299
19.2688 7.00858
17.5713 9.5819
0.6592 9.12015
19.8218 7.10685
18.366 5.88336
0.468154 9.11252
0.897244 8.67275
9.34233 9.68169
0.579241 1.24302
19.8572 7.2573
12.1006 9.53581
15.5309 9.64995
10.6864 9.70763
1.66265 4.15906
2.05023 4.03394
5.06973 6.34114
0.678732 4.62966
19.1638 7.59972
1.79327 6.03778
18.5235 7.41447
6.3802 9.04111
10.6174 9.98169
12.4021 9.48241
4.23231 5.50554
0.573748 9.62584
19.9414 0.624714
16.5557 7.42424
0.108646 4.01929
17.7294 8.22535
2.21137 6.62313
2.91086 6.21937
17.8924 9.98444
19.859 6.79586
11.7209 8.41914
18.4332 9.50438
7.41478 6.77633
18.6608 5.64013
17.6263 4.48469
4.80483 7.34214
1.94037 6.16596
6.1507 7.64489
4.53566 7.27409
4.63454 9.5172
5.11551 7.34092
17.55 8.72585
17.702 5.82385
9.4351 7.44102
0.477309 5.95233
2.74728 2.88308
18.5821 8.01721
18.1109 9.1876
2.67586 5.60137
7.61254 6.37867
3.17454 8.72402
18.8244 4.89608
18.5388 8.26014
12.4033 8.8995
4.88907 8.27509
4.47645 8.42189
1.06449 6.18519
18.0615 5.35508
15.6755 8.86959
10.7511 9.6762
3.18674 7.50999
16.7937 6.63808
7.54723 8.0929
18.0932 6.18549
4.09986 4.40291
6.28315 9.28983
16.4776 8.21039
3.8435 8.01904
3.21543 9.87487
3.27464 6.03198
1.55217 3.94635
7.3336 7.48924
0.0708029 6.46626
3.28135 7.69311
19.375 5.50035
1.21281 2.472
4.04675 9.94385
1.79998 2.16773
17.033 8.52138
15.6713 7.46849
8.31568 7.37785
3.25571 3.84869
7.31651 7.2103
0.0500504 5.51653
4.99832 4.67238
7.98181 7.99707
1.81829 6.14368
19.1937 9.63805
0.888089 4.66567
12.9014 9.78851
0.888089 6.86331
1.86163 2.32185
3.31858 5.24155
16.679 6.62862
0.674459 1.00497
3.70373 8.18506
15.2898 8.20185
3.57189 4.07147
13.3799 9.64293
9.65545 7.07907
3.84045 9.5999
11.8876 9.7232
18.8714 3.87432
2.91879 4.8262
11.0025 8.78231
3.01218 8.12738
2.55623 6.39027
3.06833 7.13919
8.83023 9.3704
19.7333 6.99515
1.30314 6.87399
1.16398 8.79177
19.4415 7.42454
19.5624 4.73464
8.0575 9.21873
2.83456 9.57945
7.6925 6.48091
4.37452 9.48515
10.654 9.35759
17.5805 9.41191
19.3713 9.37864
5.94134 6.53859
1.45512 4.70748
2.978 9.98718
7.46544 9.24772
18.1585 7.26829
5.39323 7.07297
1.67425 4.90371
16.2914 9.68871
6.95212 5.19913
1.53569 6.86239
0.265511 0.790124
5.62761 4.92294
8.72219 9.85748
4.0669 4.83108
6.71834 4.85031
1.70171 2.69082
19.2425 9.85687
16.5563 7.59972
5.26994 7.35466
7.11142 7.04672
0.581683 0.663472
0.0567644 2.61605
0.0738548 6.26148
6.21296 8.14112
2.45003 3.52428
7.44652 6.26484
1.87628 9.8825
19.1626 9.61821
2.51839 6.60665
17.6147 6.08386
0.405286 4.11512
10.2689 7.47063
9.73724 7.51274
17.1465 6.55263
19.4256 2.19184
8.21314 9.61882
1.94525 6.75649
11.3633 8.17774
1.90741 8.61385
10.0095 8.32606
16.8401 5.75701
17.6476 5.81072
19.237 1.27659
2.63314 1.98523
0.491348 9.90753
6.3802 5.14847
6.05976 5.59252
3.71227 8.49025
10.9476 9.38932
2.95297 3.41594
17.7715 5.93249
15.1421 8.70022
19.8785 9.23185
19.3139 8.20704
10.4166 8.80398
3.11533 5.6563
17.6897 8.07917
1.40202 5.24705
16.6149 7.75658
17.2893 9.77691
6.85141 9.79522
16.7602 5.61663
3.45103 4.56587
9.53154 8.47865
1.01688 5.82598
0.5768 6.48305
9.8526 8.86715
3.71838 8.84518
19.2462 5.80493
4.43617 4.8854
3.87768 9.77386
0.519425 9.42076
6.78121 6.10401
18.0615 4.84939
3.65734 9.14884
1.44047 4.90432
14.7752 9.65178
8.52199 9.60143
1.90252 5.15397
3.37657 7.95495
18.255 8.15851
2.79794 8.17652
0.72573 7.35527
19.6283 1.28452
15.7341 7.53594
16.1742 9.33744
17.6092 8.29798
6.07501 8.89981
2.30964 2.64565
18.9886 2.71981
11.0837 8.34254
9.69695 9.48943
2.88644 7.89026
3.94604 2.90353
6.85568 5.47838
2.05817 7.44316
3.02133 5.5739
0.479751 7.25608
3.47911 9.95025
1.12857 7.29667
19.9182 6.01001
1.06937 2.02765
6.67257 7.63024
2.22297 1.90405
19.6673 8.06909
0.492569 7.88629
1.47282 9.81201
18.1854 8.96207
9.03531 9.87213
0.399182 7.67663
3.94177 7.60155
2.60506 5.36699
0.889309 3.92071
1.59551 2.95297
18.0413 5.5388
19.7272 6.12445
4.02966 8.19056
19.0527 6.72781
11.2027 8.19391
3.90393 7.96045
2.41096 3.34178
17.2033 8.07703
17.2991 9.83276
5.41948 5.22446
0.853908 2.09845
8.60622 6.26179
1.61077 5.50066
19.2993 1.4594
4.07849 9.70611
3.32774 6.72567
11.6153 9.21323
3.37046 7.27439
6.56392 6.55751
3.39183 5.90716
0.898465 6.14795
6.81722 9.19645
4.41237 7.81396
17.0714 5.12558
9.06949 9.21415
17.6562 5.85894
9.35087 8.49971
18.9337 2.02979
6.43269 4.77828
1.25675 5.1381
11.8839 8.8287
8.77163 9.72533
17.3681 8.84518
7.52464 6.7806
19.7961 1.40538
18.3367 9.96185
2.06122 2.21625
16.2377 7.74194
8.80703 7.98364
2.05267 4.31166
1.84271 5.57848
3.00302 8.98587
1.92755 6.16596
17.7282 5.71673
19.6826 3.07718
4.67483 6.21479
1.00528 0.905179
0.0170904 9.90417
18.366 7.70959
16.538 7.48527
2.93649 3.88684
19.4781 5.76495
4.4789 3.97565
19.2364 3.62987
1.21403 7.75048
1.86773 2.10852
0.565813 3.29722
8.75637 7.60643
1.15604 9.21537
6.2331 5.21439
18.8977 8.0285
5.2974 4.88357
17.9864 3.68969
10.2445 9.46654
19.7583 5.19608
7.82311 5.77258
17.4712 9.22636
0.218513 2.05115
4.96963 7.30277
0.70864 8.87417
18.4051 7.85211
18.3673 4.8851
18.1549 6.45253
15.8885 7.20054
18.966 3.74798
17.6562 4.38673
1.50029 6.89932
9.68963 7.86187
10.3165 8.50002
19.5331 7.96197
9.02127 7.35679
5.65264 9.16776
10.2811 7.86431
6.2331 8.82443
16.1205 9.11252
17.749 4.47981
11.1643 8.8873
3.9845 4.71297
11.6721 8.40632
8.07154 7.14011
4.48805 8.75546
0.491958 8.80795
1.3892 7.29362
1.58452 5.19028
10.1956 9.27427
7.15903 9.34355
2.26325 8.89279
0.266121 6.1391
17.6409 8.97214
2.54585 6.15436
1.99286 8.49544
1.69988 6.53859
19.4488 0.99002
19.0277 8.65658
4.35682 7.80053
0.513321 6.26392
7.00827 8.38801
19.9487 5.02487
14.5543 9.57762
12.0212 8.83358
2.79122 7.98608
17.5262 6.90542
17.6739 5.42589
16.9396 6.43513
19.9243 5.9154
19.812 5.94867
3.73791 3.10801
7.89697 8.08405
19.4494 5.60595
3.43944 8.60256
15.5699 9.23826
15.7726 9.71343
18.8519 2.15278
4.40931 5.52873
11.1667 8.94955
4.87259 3.69488
19.9841 1.39622
16.6686 9.76226
7.50816 6.14856
5.40849 6.28773
14.7673 8.76736
9.9411 7.18863
0.455947 8.58638
3.07871 6.15162
5.55437 9.57335
5.80462 8.41945
0.777001 8.8168
9.60234 9.28526
17.3827 4.39802
2.19733 4.7029
18.8275 5.94134
2.08258 4.04981
16.0454 8.33522
4.05408 8.09351
0.754418 1.34953
19.8706 4.42122
0.405286 6.42476
1.64495 1.6541
4.85977 9.25138
18.9251 7.44377
1.47526 4.89792
1.1597 3.27128
3.36436 7.05557
19.7314 3.29386
0.480972 4.76638
6.88864 7.28233
10.8188 9.69848
4.48866 5.58306
8.02026 8.88363
18.4204 5.67644
17.8381 5.6035
1.55156 4.8442
19.3768 9.06461
16.5935 5.70421
2.1247 6.99057
9.61333 7.30674
9.16837 9.07102
4.46486 9.22514
9.16471 7.24021
19.9567 6.98599
1.19816 4.57625
13.0931 9.89471
