9.64568 5.07614
13.1059 1.75481
13.0668 6.13605
10.8274 7.2045
12.6328 0.464492
7.51793 1.08676
10.2341 2.27485
12.1354 7.67296
9.52239 3.96344
17.7447 1.61565
7.75353 4.55794
9.67559 6.47237
7.38487 0.186163
8.89492 3.33262
18.1982 1.8421
12.1909 3.44066
2.28278 0.251473
14.0385 7.21
2.51289 0.736106
17.2631 0.126041
10.5325 4.15052
7.9519 4.57747
13.8438 4.76119
14.2778 4.46181
10.8768 5.83575
16.3909 5.46709
10.051 3.37779
6.73055 0.823695
7.04672 3.18461
13.9402 4.15662
13.2737 8.05017
2.94504 1.1301
12.0927 5.06211
17.1325 0.983917
12.3667 4.4911
13.8755 5.86291
15.0902 4.48378
14.5219 2.94229
15.858 1.14994
18.2556 0.724204
17.9772 1.10233
16.5545 3.54839
6.20502 2.15278
8.84548 2.70302
16.577 1.00894
14.2949 2.64229
17.987 2.7369
8.41273 3.43089
11.4518 4.06903
10.2835 7.26463
17.8631 2.65114
7.7224 0.473647
11.9028 4.95987
14.0159 7.25455
10.2127 6.96127
13.2102 2.72774
10.0021 5.84979
18.3416 0.339976
16.7534 1.76489
15.6859 3.59081
10.1785 5.46251
13.2572 0.72512
12.4577 8.23908
11.8155 4.2024
16.5447 3.73424
4.18043 0.510575
15.5113 2.31788
11.4719 1.79601
14.2363 0.579852
14.2009 6.24928
6.20808 3.44157
10.0595 5.99384
14.4676 3.37291
12.2947 6.29475
13.5698 0.481277
0.368664 0.15717
5.55437 0.0604266
8.88394 1.40568
17.5567 1.10233
8.16187 3.57677
16.6601 1.84668
7.37266 3.9378
10.427 6.9631
12.512 2.9313
14.9864 2.16865
9.16532 5.88458
15.4985 5.64013
16.0491 3.31309
18.0383 1.77343
14.4841 0.767235
8.59096 3.09214
16.953 2.2486
17.2027 1.63396
11.2076 7.31498
13.8066 4.27778
15.3575 4.6263
9.11832 4.76638
9.54375 2.82601
8.5757 5.468
11.4286 3.1608
8.43654 1.60955
14.279 6.3976
16.187 2.48146
18.4277 0.245979
11.3382 2.47047
8.39747 0.444349
17.871 2.22175
17.5219 2.95175
13.925 9.10001
6.83737 3.55571
5.99933 2.69387
13.1742 2.44179
8.56532 5.67522
13.7498 6.7925
9.73418 6.10126
13.292 2.04962
13.5624 8.64284
10.8969 2.52113
14.3571 0.51088
6.39973 1.58116
17.1471 1.74963
6.15619 1.57506
13.7651 2.97098
12.3862 6.21906
15.2086 5.54094
12.338 1.29398
5.40788 2.15705
11.2693 6.03534
4.72915 2.23853
10.5197 4.92508
18.0053 1.97913
16.5734 0.18067
17.1929 2.0072
15.8934 0.182501
4.1908 1.86529
16.4696 5.81622
5.62517 3.31675
15.4033 6.80929
9.00479 5.68651
12.8172 5.22446
10.933 6.31672
17.1435 2.71676
13.1394 4.09009
10.9159 1.06632
11.2186 1.36692
10.7712 6.54286
15.6273 5.61052
9.77752 1.56072
10.9574 4.55367
13.455 6.01093
17.8448 1.5067
13.6778 6.02161
10.0607 0.462661
8.31385 2.35633
6.42842 3.63231
9.20621 1.71117
10.4843 0.331431
9.96307 6.7214
13.0454 3.31919
11.0691 2.45521
12.1091 1.38524
9.71343 3.41014
7.54112 0.853298
2.8724 0.223395
18.3288 0.708029
6.32038 3.00363
6.62557 4.59609
13.8658 0.914945
16.4776 4.43648
14.2802 8.71273
12.4937 4.09925
8.88089 4.44746
9.25993 5.42405
14.3333 5.26811
4.39528 2.48543
18.1036 0.0860622
12.0603 5.84613
3.65795 0.88229
15.656 4.33973
17.5408 0.547197
4.24574 2.32002
4.80544 3.00668
14.4279 7.01834
18.6352 0.967437
8.47499 2.16498
18.4008 0.0347911
15.8275 6.26606
10.6912 7.0397
12.2599 8.42769
3.14707 0.784631
11.8198 1.13895
11.2015 4.95895
9.69573 3.37931
3.21055 1.41942
11.287 5.54064
13.8383 0.281381
18.2208 1.59307
10.1675 3.25449
6.86666 1.96295
12.4485 7.57317
14.8326 0.904874
4.81826 1.65136
10.6552 0.419019
16.458 3.17301
13.1413 7.18863
9.04935 5.78051
2.20893 0.633259
4.5436 1.90191
5.01907 2.71584
14.6745 4.79812
11.3163 6.68172
18.3959 2.05115
11.5903 2.11951
6.57002 3.19315
13.9201 5.35295
16.1614 2.83334
9.60051 0.120548
11.6086 2.89499
13.9354 0.409864
6.03961 1.62847
11.4774 0.840785
13.0277 1.72613
18.8183 0.30488
12.8465 7.9162
14.1899 3.04544
11.2839 3.43547
15.042 5.22416
11.373 6.75161
5.67461 0.536515
13.2029 7.18223
14.2155 1.87384
17.9785 1.04923
13.7492 7.6223
15.4271 7.17124
11.0459 2.41157
15.4283 4.34492
2.44453 0.784326
8.67763 3.39488
16.3646 5.54796
8.11182 0.506607
11.3303 3.90728
11.5073 5.15915
4.51613 3.03659
10.8133 6.38356
15.1701 1.40324
11.1301 3.30851
1.79327 0.339061
12.8062 7.00552
15.8226 4.76577
16.6869 4.66933
13.281 3.64086
13.7053 8.73531
1.19266 0.628376
16.1241 2.36702
14.1081 2.93558
17.727 3.29173
17.1282 1.30467
6.97897 0.142216
14.0483 3.47179
11.5256 3.63598
12.3563 8.6346
7.97082 1.10019
13.2115 7.99036
13.8554 1.5598
12.3508 3.25236
14.4609 2.15094
18.385 1.97089
12.1183 7.89605
11.1332 1.11362
13.7168 0.71749
16.0607 4.41755
12.8086 5.87451
11.3633 0.306101
10.1407 0.697653
15.2623 3.58745
14.9278 2.05451
15.6896 0.395825
18.0975 3.03781
11.9071 8.07917
15.0377 1.45421
12.2025 4.14167
18.0493 0.229194
16.1614 3.73486
14.0013 5.9859
12.1946 8.3282
11.6446 2.94534
13.2017 2.55074
12.5236 4.80544
6.11896 2.3896
4.12976 2.28309
4.34767 1.03671
6.65975 1.3422
5.96698 2.69814
15.6114 0.308847
13.8298 6.67837
15.7146 0.27131
16.2035 5.61663
12.7567 0.204779
14.5982 4.56832
5.80096 3.1605
1.9306 0.638752
14.8442 7.88079
8.85708 4.97299
11.7905 1.10233
15.7329 0.728782
8.69839 4.03882
10.9494 2.24525
11.843 6.26484
12.23 3.94024
11.561 1.27171
19.3487 0.516984
9.70061 3.09824
9.36674 0.42909
2.13752 0.33784
14.4133 6.59658
18.4777 2.1717
11.8107 6.76962
14.9077 4.39955
14.2576 3.802
15.031 5.22965
12.8428 3.64544
15.8812 4.71145
14.2418 6.87002
17.6562 0.116886
14.2485 2.36183
12.4522 5.83911
16.3359 5.96088
3.58654 0.386975
14.948 4.82345
7.02719 4.34248
11.3254 5.43382
12.7384 1.07364
9.31364 5.12986
9.11954 1.10691
0.507828 0.32899
13.9329 6.99393
7.93664 2.14576
13.2951 0.7416
16.632 3.65276
11.1356 4.73312
8.88577 3.84503
6.65059 4.29975
11.6196 0.454726
11.6147 6.58956
9.23429 1.72948
9.69695 2.99814
16.8157 0.468764
1.63518 0.970183
18.4521 0.105899
10.3092 6.02924
7.33726 3.02072
7.93664 1.66723
18.5699 2.27332
13.668 4.42457
14.5677 8.46889
11.6733 5.61357
5.73504 3.04483
13.2224 8.86502
14.6055 8.19056
10.9964 0.200201
13.9097 0.151067
10.463 3.67687
14.2308 4.80239
14.0043 0.0839259
8.99869 6.18152
15.1585 7.9577
16.1815 5.69781
5.05325 0.155339
11.3535 4.4908
13.1803 9.36125
19.1339 1.21921
3.10739 0.859096
12.7293 5.57512
15.5785 5.53056
15.1372 0.789514
14.1246 8.77194
4.1139 1.97455
5.7149 3.43211
10.8744 3.10221
13.3476 7.36839
3.75561 2.21839
14.5665 1.85064
19.1571 0.44557
10.5686 3.87768
8.20032 3.72143
6.23493 1.31687
7.38304 5.03952
4.82498 0.549638
13.6967 6.38325
14.547 5.78875
8.93948 5.09659
12.6182 2.25257
13.9396 7.44865
16.7943 3.13761
13.8676 4.1615
14.4389 5.57573
13.2072 8.29096
5.04715 1.48045
4.2439 1.5659
3.78552 1.39592
14.1105 5.71123
6.84835 2.49763
7.73461 3.29966
2.88949 1.48747
10.2158 0.558184
12.9374 8.81222
17.9498 1.36876
14.6367 2.86386
2.49886 0.920133
14.1472 5.75091
10.8255 3.0314
8.605 1.28758
11.1142 3.59142
12.2166 6.01764
13.9036 8.03797
14.8155 8.47774
6.32649 0.628986
11.3553 7.82006
8.97061 0.192572
10.1267 6.1272
11.887 2.36854
11.5574 1.56926
16.5813 3.19864
13.2749 8.39534
6.86422 1.23203
13.0918 5.06729
7.25791 1.79052
4.17371 2.88614
4.66567 2.72988
15.02 3.70952
6.52364 4.62569
12.985 8.21955
8.1222 4.2259
6.78671 3.71685
7.66808 1.52226
10.8518 4.54512
8.07031 5.74969
15.5461 3.85052
12.3057 8.5934
8.63186 1.20457
11.4267 7.43095
10.3244 6.6512
6.26362 0.859706
2.24006 0.14008
13.8926 9.10489
3.20322 0.214545
3.99121 0.995209
13.0546 6.07929
13.3775 7.43004
13.4837 5.92273
14.0385 5.07309
14.586 5.87695
12.4503 6.38874
12.4931 1.59764
12.15 1.53356
16.8395 2.65084
14.4401 4.1203
6.47664 1.0889
15.6517 2.65114
9.6823 3.05277
15.2367 1.40019
14.6239 6.82974
9.37223 4.00952
18.2842 2.23975
8.3578 3.07688
18.037 2.04169
16.1492 2.73019
16.4934 2.05023
17.998 2.29438
10.5338 5.67827
15.4839 2.80709
10.8005 4.58022
11.7392 6.66189
13.22 5.07462
10.3067 6.13117
14.5634 1.59917
11.9358 4.50697
16.259 2.01849
7.30735 1.12094
8.99991 5.85376
13.0576 1.63549
10.2329 5.12101
4.68215 1.68035
10.7486 1.04801
9.40092 0.325327
4.55824 1.78228
13.2566 8.67946
15.5907 4.53932
3.98938 0.997345
1.93487 1.02664
15.9948 2.1775
13.4617 6.68569
10.4575 3.72692
14.7966 7.31559
11.1246 4.04889
3.56273 2.45857
6.89474 2.49001
14.7911 7.10959
10.3964 5.12192
12.3576 3.74279
8.38954 2.36763
14.763 4.38246
14.6764 5.10331
19.1095 0.501724
12.6615 6.86819
17.409 3.29295
15.1622 3.86914
13.9018 5.63585
13.4165 7.78832
19.2419 0.0134281
5.67522 2.33283
10.0369 3.22825
10.9153 6.21693
5.0618 0.0152593
13.3482 9.18058
5.33891 3.50261
10.1389 1.14566
13.5722 7.48253
12.3679 7.09616
16.035 4.10566
12.1921 4.99374
10.6497 0.657064
16.9811 0.0766015
16.867 2.31788
17.0165 1.14658
13.3018 2.49184
11.2094 0.702536
16.1431 5.06088
10.5417 7.09616
16.2474 6.13666
8.8992 3.31004
14.4646 6.15833
16.7907 3.33445
14.644 5.40391
13.2902 4.59944
12.5663 7.84936
7.53075 2.71218
11.5622 1.07913
6.60787 1.00223
9.86175 5.20859
12.0402 6.53584
10.4678 1.89489
16.3427 1.98523
6.7037 3.61248
12.7708 2.49641
7.61193 1.04404
11.1216 7.0043
6.78976 4.21949
8.5226 4.06354
14.8943 6.20746
12.7055 2.1601
12.4503 1.6654
15.5333 5.06241
15.0584 0.110172
17.3699 0.109867
6.45772 2.37526
6.78732 3.84259
6.46809 2.72378
12.41 1.29093
8.53298 5.19364
15.6542 2.1363
8.82412 5.60595
1.50761 0.736717
9.31547 5.83148
9.72747 1.01962
10.1077 3.66131
12.1122 8.18171
13.994 0.614948
15.2977 3.64116
14.2253 9.16288
16.9189 0.368969
14.0648 0.899075
14.4584 0.182196
12.23 2.86142
14.4505 0.611591
10.3116 0.00396741
14.4792 3.52672
11.3627 6.18305
9.43205 2.38868
15.1134 1.74169
14.6904 0.839259
15.5211 0.307321
7.33665 4.79568
10.8231 2.13294
17.1917 2.11127
1.44475 0.629292
8.86563 1.60527
12.1397 3.74554
12.6981 5.84185
11.3724 2.62368
9.4937 0.913724
11.5494 3.19193
7.36778 2.74178
5.34562 0.447096
14.041 2.98288
19.4061 0.578936
10.535 2.97708
16.6948 0.269478
9.62493 2.02826
15.0609 5.5269
8.14234 1.67699
16.0332 0.644246
10.9513 4.88235
7.64428 3.93506
14.6861 5.71062
9.17386 4.27686
12.9557 0.374767
11.1899 5.34989
2.54463 1.04312
9.62737 2.15735
10.8896 0.774865
10.8737 6.35304
14.2582 3.58928
7.75292 1.72369
9.20988 0.310984
16.7272 5.17899
13.8627 1.85308
8.7167 5.08774
12.1476 8.29554
13.9702 7.17032
11.7905 2.75338
10.911 5.3853
11.9272 5.4915
2.837 0.368969
8.09412 3.31339
7.88965 3.76507
6.28437 1.55797
12.2294 3.46477
12.4082 3.5139
8.699 4.2674
15.0163 0.235298
12.761 1.50334
9.66216 4.09619
14.1722 3.1962
16.7394 2.76284
9.57671 4.32264
0.423597 0.0961333
13.7919 8.9935
15.233 0.153508
11.7521 5.32273
1.94037 1.08615
13.1791 3.16691
7.24448 3.18705
17.3754 4.09558
10.773 4.37513
15.2171 5.95874
1.83172 0.118107
9.382 6.03046
10.2396 2.44942
7.4337 5.02304
10.7382 3.54778
11.9443 3.49437
9.01273 1.84362
13.563 6.13453
7.58812 4.13465
17.8326 3.26212
9.66704 5.68133
6.57064 4.5381
6.0036 2.04779
12.6499 4.73251
8.68496 0.366527
16.2304 2.73812
6.78365 4.43709
5.09964 2.36366
18.4045 2.51747
7.02353 3.18125
5.67034 1.76855
9.2758 1.95685
13.1455 3.37992
9.65972 5.81683
12.9075 6.81661
13.9787 6.80288
11.5439 2.3542
11.4951 6.86575
11.6141 8.20582
6.34724 1.0886
4.3086 0.556047
8.31324 4.72091
3.60607 1.5717
10.9403 7.65374
18.0395 0.459304
13.5868 0.92288
18.9184 0.314646
15.6554 3.65825
11.8424 2.46742
10.0528 6.27827
8.33644 5.26292
7.1572 1.15024
7.84265 5.02457
9.63103 2.77261
17.9693 2.26051
7.63573 0.506302
7.17856 3.98328
12.5657 7.00125
13.0717 8.19849
10.5234 2.81747
8.44386 1.86926
12.2251 8.52138
17.4645 0.354015
13.0229 2.06336
1.40446 0.16541
13.6839 2.996
13.6747 0.837733
11.6074 6.34999
6.19892 1.95868
14.8173 8.28883
0.802637 0.561235
6.63472 2.15278
17.8051 0.189825
13.6576 4.95682
16.3994 5.99628
7.63207 0.374767
9.40153 2.5428
15.6462 1.11789
15.3124 7.69311
13.7272 1.79601
12.2898 3.54656
15.2391 7.75506
5.15824 2.55501
13.4989 2.55013
13.3079 7.02506
13.3818 4.40046
17.2729 0.802332
14.1844 5.54674
10.0259 1.63182
10.3806 5.28703
4.95987 2.80038
16.176 2.63466
10.6009 0.782495
10.8396 4.80026
4.2439 2.81381
0.993683 0.258492
14.0147 7.3101
10.1816 5.61998
15.2171 0.342723
5.09781 0.138554
13.8658 5.18174
4.05591 2.66091
8.78018 1.88787
11.2583 7.82617
15.6206 4.52223
14.9486 7.76696
13.5881 2.51625
13.6656 7.81091
15.7341 1.82836
6.34358 3.66985
12.7042 6.10492
14.9321 4.46883
12.7378 8.44234
17.1825 3.04514
12.7732 6.34419
11.3968 5.47777
11.3535 5.15549
10.8628 6.64693
14.6666 5.88427
10.3757 1.71758
12.9154 6.17206
15.4253 7.01529
4.46425 0.267647
11.4853 2.82571
11.7753 3.66527
13.8499 5.81591
9.79278 5.65416
18.2263 1.12522
8.3346 4.06873
6.97531 4.24116
13.1742 3.2783
11.4566 0.0796533
17.5604 3.73547
12.8245 2.36854
15.3813 1.69713
14.0965 4.81155
9.91607 3.16904
16.6796 3.71075
8.45302 4.60158
14.5488 4.16669
9.69451 5.46648
13.809 0.397656
12.9844 4.4496
15.7506 1.69469
9.94842 4.84237
1.90435 0.84109
7.59972 5.38255
13.2902 4.79171
13.795 7.12912
6.45894 0.220954
10.7663 6.45985
2.50923 1.60405
6.0683 3.51085
12.3466 5.7268
14.713 8.00165
19.281 0.794397
9.55168 4.28785
9.05667 2.52968
12.7714 4.18073
4.52651 1.88818
11.008 6.37898
12.0084 3.12601
6.80074 0.00335704
15.736 5.2916
12.8794 3.32102
10.7669 6.01245
7.73705 5.49913
13.4483 4.55855
9.8825 3.94879
14.2851 3.68389
5.26017 1.86651
5.69597 0.956145
14.2039 1.36967
6.20502 1.34068
8.3578 2.15949
14.6324 1.0123
16.0942 0.711081
16.0216 1.34831
19.3194 1.10935
5.36088 3.11136
17.2051 3.57402
12.8837 8.58455
8.64223 3.40526
7.81152 4.23719
14.9339 0.93936
17.066 4.23414
18.2824 1.02023
15.5547 0.108951
13.3976 4.78133
12.3099 2.64595
7.82311 5.17747
9.48149 4.79751
19.4629 0.227668
12.9398 0.216376
11.5769 2.3896
14.2839 5.80401
9.96918 3.59691
14.1173 3.51726
11.1026 0.192877
6.67318 2.87057
12.0377 4.08094
15.5742 5.55559
13.4855 7.06168
17.6641 3.02591
9.48943 5.13749
13.9103 8.58486
15.9044 1.73406
9.5938 3.29508
14.0049 6.49312
13.0625 4.84725
15.4552 1.24058
4.0144 2.68654
16.2487 2.27699
14.0275 4.0437
11.5067 7.66991
18.9019 0.516068
12.1952 4.01135
16.6472 0.146794
17.2723 1.57903
14.7539 2.03864
6.68477 3.69457
8.38649 1.1597
8.00073 2.48848
6.24104 4.39253
9.93805 0.42787
12.7738 4.79995
11.6074 3.72478
6.35151 2.1482
14.7056 8.08374
10.0589 4.88571
12.064 6.00848
8.29676 5.57543
14.6178 0.757775
15.0047 2.12897
12.6249 1.1478
9.50529 3.80016
18.9789 1.67577
18.612 0.0643941
11.3376 3.97992
13.5325 9.38475
7.05405 1.21158
16.9048 5.13657
2.24067 1.01077
9.91668 5.83087
12.291 1.15879
10.2695 4.57228
16.4806 5.79577
11.7295 6.25446
1.16398 0.0918607
8.15088 1.84942
10.1975 2.13752
12.3264 7.15018
14.9187 7.79046
1.20121 0.852077
9.38322 3.49345
15.4924 6.95181
14.3474 6.59963
11.0086 1.92755
11.4518 0.633259
7.93359 0.595416
6.86972 3.90332
15.1146 5.27116
10.9391 2.40852
11.0245 6.76199
13.6912 4.99313
7.69311 1.97821
6.01215 1.92846
13.6174 3.4901
12.7641 0.391247
4.756 2.46193
11.0416 7.63787
17.4578 4.16059
16.8175 3.20994
13.5923 3.13547
12.6969 4.785
12.3148 8.61629
7.17978 0.638142
15.819 2.65755
9.8294 2.68929
17.9681 1.84484
17.4499 2.26325
17.4682 3.85937
7.48009 4.31745
11.8949 6.57033
14.3101 5.63372
18.7671 1.87963
14.9754 6.50502
15.6505 2.51473
17.7544 2.6252
1.60527 0.207221
17.1538 3.53862
7.97021 5.02213
9.31669 2.87515
11.5 2.84402
9.03958 5.28336
13.2627 3.63811
17.1252 3.66436
11.6367 3.54564
16.4446 1.1774
9.34599 2.15705
11.2613 2.91452
13.0003 8.7814
10.2084 2.43019
18.3666 1.92541
12.1036 1.46428
9.32279 3.10953
9.55779 1.57262
12.1683 1.75329
9.14274 0.0143437
11.6141 1.92145
17.0544 2.5895
11.03 5.01663
5.24918 0.0305185
12.8306 8.57753
16.3775 0.225837
3.76171 2.61299
9.7 3.93353
2.92917 0.0509659
12.9728 8.69869
16.4129 4.15387
18.3679 1.6245
16.5355 1.76794
3.5255 1.46275
11.0318 4.56709
18.5125 2.44972
15.4442 2.43934
12.8166 5.97308
0.716575 0.478835
15.4875 5.7033
13.1767 3.42418
12.3167 6.798
9.16471 0.936918
8.4286 2.39601
14.7087 8.47621
10.8109 5.13382
11.6733 0.913419
17.0885 4.53291
12.465 8.83053
14.9992 3.94055
11.6349 6.75924
17.4096 0.0930815
13.596 6.16993
16.9707 1.50822
7.47154 4.54604
16.3707 3.59569
15.4033 0.598468
5.17411 0.614032
3.39183 1.37486
4.05347 0.143132
10.173 0.726341
6.36555 0.764183
6.8862 0.439772
10.8817 4.19782
14.0934 7.38548
11.1832 0.729087
16.234 0.22248
17.4163 2.05023
13.0461 2.57179
9.45524 5.34989
9.38261 2.91757
7.66137 4.95987
15.3478 1.59337
8.77529 1.64892
3.04025 1.33
10.922 1.89428
14.7038 8.52565
10.4184 4.50117
16.646 0.919523
16.9573 2.15186
10.2408 1.54271
7.82556 2.61879
4.40321 2.60964
13.6692 6.57888
15.6047 0.0683615
3.02744 1.87353
18.7432 1.89337
9.61577 0.576189
13.7577 0.715659
10.5271 5.56841
13.6088 4.35102
1.44902 0.280465
13.607 1.54698
17.3998 4.23963
16.3659 4.99283
16.2023 0.303659
13.0381 5.24827
13.5667 1.43986
10.8072 7.34367
11.1081 5.77685
12.9057 3.99976
13.618 4.50575
10.6174 1.8479
6.27338 2.8721
14.1398 2.13202
10.7633 1.11942
7.3751 0.722983
7.98608 2.28004
13.9964 0.630207
10.8463 5.27329
15.5205 2.32978
8.77224 6.09302
13.665 3.5725
3.72204 0.310984
17.4651 0.0650044
10.8298 6.71316
10.3629 3.91186
13.2743 2.743
6.98386 3.31736
9.61394 0.892056
11.2345 3.56883
10.2518 3.8435
7.30369 2.95999
7.97632 3.59111
4.4673 2.931
7.31346 1.19053
6.0097 0.0704978
13.3671 4.81185
8.72768 2.52358
2.46529 0.945769
6.1391 1.55583
14.1215 7.49382
15.1238 2.81381
14.9522 0.56917
18.5711 1.29795
15.4271 1.23112
15.4955 6.76931
13.8322 6.86972
12.1653 1.04251
7.81335 0.455031
10.5319 2.83212
6.0799 1.99225
13.0412 3.4431
12.1567 8.2873
15.4509 0.606098
10.4147 6.18183
6.87094 0.930204
13.2572 0.469985
9.37162 4.16761
12.5651 2.41279
18.2641 1.04221
16.5184 5.26261
15.8495 1.59154
9.03409 1.80029
16.1571 4.71877
8.55129 1.10813
12.0347 8.48079
12.3154 0.0778222
14.0471 5.60167
3.45714 1.56621
1.97211 0.160833
5.26811 3.32408
6.64571 1.79662
11.879 6.31825
14.5256 1.6773
16.4849 5.52904
11.3736 4.99588
10.4324 2.62673
7.27256 3.51634
11.7856 0.259407
15.5132 2.08136
15.667 1.87262
9.88739 6.94357
16.8407 1.26408
13.6064 5.29252
15.0945 3.4904
9.83734 5.72497
8.86563 0.724204
8.76003 1.12705
14.0281 6.17939
15.1549 3.5905
15.7225 2.70241
14.7136 6.07929
14.6141 3.1196
7.26707 4.4612
9.93744 4.72365
11.757 3.3961
12.3484 2.01971
12.8623 8.88943
9.64751 0.936308
8.64284 3.58196
15.2251 1.13712
17.3644 3.61736
14.1954 1.95135
10.5008 5.62548
11.7075 4.96994
16.1742 2.97983
13.6869 6.3863
7.45628 4.26008
9.59807 2.56783
14.0605 0.0485244
11.3773 5.67278
14.0721 7.92047
9.93377 4.17432
2.40242 1.50792
14.2155 0.880154
4.90249 0.258187
2.49275 1.20212
4.6498 0.961943
11.1826 5.19181
10.9275 7.75872
17.3687 2.84188
4.61135 2.54433
13.4831 6.37745
12.6151 2.65786
8.34742 5.6212
12.3612 4.03058
16.458 0.851772
4.8677 0.913114
12.1329 3.02774
14.5988 6.76626
6.8453 2.31452
13.9451 0.339976
9.56511 3.83099
9.66277 6.0448
13.1431 5.09079
6.17939 1.35777
2.00568 0.741905
3.83312 1.32694
13.0009 1.91443
8.85525 0.947905
6.45466 3.81268
11.904 4.34828
16.8523 2.51991
18.1951 0.576495
19.6545 0.378124
13.8145 0.289315
7.38243 0.471206
17.7099 3.12235
12.689 3.03018
18.4967 0.974456
13.4861 1.29673
8.09412 4.89059
11.3095 6.03473
14.6934 6.26637
10.6204 2.65847
13.0119 4.29487
13.8273 4.15998
5.85772 2.65236
6.15009 2.86386
5.16923 1.17924
13.7877 4.33149
12.089 0.520341
6.20869 3.38939
4.8616 0.789514
17.5018 2.29286
1.39714 0.955229
11.2412 1.11423
16.6002 2.29011
0.615864 0.369579
12.6511 1.92846
15.3911 5.88519
4.98733 1.0886
13.1706 2.00812
15.4619 6.40126
7.97876 5.31358
13.1303 7.73858
9.07376 3.09275
8.2223 4.99832
7.02353 0.43672
4.34584 2.38166
7.08579 1.82043
6.86728 1.00925
10.0961 2.60842
11.9431 7.53014
7.14133 1.32298
12.5608 3.32652
15.0523 0.880154
4.11206 2.52388
2.64229 1.33793
10.38 0.334788
1.88543 0.340281
10.8664 4.4554
14.0397 7.83074
5.39079 2.78634
17.9388 2.01147
16.502 5.69384
15.1433 3.35582
9.27335 1.236
12.1671 4.68856
7.41234 0.85696
7.07663 2.95083
15.5358 2.87973
15.3569 1.40843
10.4984 5.40696
10.1364 4.26405
9.54741 3.06833
14.9004 6.47023
11.4084 0.715964
16.2065 4.9855
7.25303 0.595416
16.4434 5.26811
7.08518 1.89856
10.9336 3.50627
6.21235 0.677816
13.6381 4.45906
11.3804 0.615253
7.18406 4.22803
9.96673 2.00903
12.4302 3.26853
17.5237 1.6953
13.3396 5.63219
12.9154 7.73339
13.961 2.02277
15.0499 7.19108
18.7432 1.83386
9.88067 0.990631
18.5247 0.409253
10.0827 0.0338755
6.86361 1.23325
6.79464 1.46458
9.57976 3.61522
16.2725 0.467238
14.8509 2.03742
15.2049 0.964995
13.5368 7.7105
16.2554 1.76672
6.12445 3.29112
14.9132 2.27149
6.69759 2.6722
12.3899 2.54463
14.0104 4.44044
10.1627 3.24015
13.5118 2.51991
7.23228 2.4308
14.2656 2.42012
9.67498 3.84259
12.2153 8.67397
12.5675 2.34718
16.0393 2.78878
16.0009 4.1731
8.26563 2.11554
17.6873 2.62246
15.1378 7.17643
13.8615 7.49962
8.3639 0.508438
13.5081 8.2284
5.62883 1.86773
12.0524 7.34611
7.50938 3.16416
12.6328 6.85904
12.3283 6.79128
9.49065 3.55876
15.9105 2.19245
4.78347 2.48665
13.6784 4.72976
11.9333 3.3552
9.55535 3.31339
14.3156 3.05124
4.33912 2.82998
13.1242 3.94482
8.53908 2.37037
14.5921 4.01807
14.9168 5.32975
8.65078 4.51643
1.78472 1.24363
16.151 2.86325
15.631 0.05768
6.93625 3.70281
6.72201 4.13495
10.1267 0.0421155
8.53786 1.72887
12.3948 3.58348
14.1887 0.0756859
16.8987 1.63793
4.34828 2.87851
9.90204 4.35896
12.4668 0.526139
3.8667 2.56447
11.6715 2.74239
7.05527 4.64003
11.3407 6.0213
14.7313 6.03778
14.4279 1.18564
9.07437 0.377209
6.70309 1.85827
13.1059 8.36207
8.41456 5.7738
8.55739 1.82592
7.10776 4.01929
17.7062 3.76202
9.63469 4.76241
8.57875 3.47331
12.1549 3.71075
12.476 1.26469
7.73949 2.08869
11.1301 7.0394
5.99384 0.714743
11.1753 7.48985
10.8426 6.11896
8.05445 4.41786
14.4932 6.7275
14.8375 3.93353
11.3022 0.633259
17.036 1.65868
5.00015 1.713
8.35414 0.0915555
12.8043 5.12833
12.7964 7.99524
13.7455 7.53014
7.59789 4.93362
12.9923 6.37501
13.6308 5.91266
10.5429 7.29911
14.4511 3.57341
14.8912 2.60079
9.17264 5.46922
5.61052 3.25571
10.0925 1.5595
3.93689 1.42308
6.8337 2.91787
17.0061 0.434889
1.44536 0.176702
6.21784 2.96731
15.7836 2.43324
17.3919 0.962249
7.69433 2.60048
12.3667 3.83007
9.83856 3.3665
12.9398 6.05914
5.78692 3.68297
17.7441 3.2899
17.1642 2.39448
4.98917 3.24747
10.5081 5.00931
8.05689 4.63271
14.583 8.53175
8.53053 2.3896
11.962 4.49202
13.1364 6.12018
18.5943 1.74413
2.08014 0.520035
10.9574 7.59423
6.65731 1.55431
10.9458 0.275887
14.575 7.19932
7.98975 0.904569
5.23087 2.16987
16.8474 2.97311
10.698 5.95843
16.7186 2.03284
2.64229 1.68645
9.0701 3.52733
16.2542 2.21961
13.1004 0.760826
13.2884 0.805078
11.6343 4.52132
1.51067 0.311594
9.93622 6.3744
12.2782 6.5099
13.1059 7.50481
5.53789 3.52947
7.69677 3.30851
16.1504 5.83239
3.24168 0.261544
16.0308 5.03098
11.6019 6.00696
12.0048 5.16587
14.127 6.69759
10.1938 0.58565
18.5589 1.05472
14.3095 4.59059
8.77346 1.53905
4.46608 3.04483
13.6656 4.00067
2.99631 0.0503555
11.2449 5.58763
12.5285 0.0305185
3.68297 1.46733
17.3437 2.24921
15.6774 2.58797
14.6745 0.448012
8.10694 4.28175
8.86868 3.04209
13.8896 4.10718
11.6202 6.87979
10.8219 6.68081
14.1441 3.63323
8.39137 1.19877
8.80215 4.61409
17.0513 2.97433
1.51189 1.02542
12.0231 5.79272
11.7313 1.52989
2.42866 0.021363
15.0194 4.06354
11.3187 6.29566
4.3495 2.04474
15.1537 5.88061
15.9935 2.98471
9.99725 6.51265
2.50313 0.698569
14.2735 1.11637
11.1795 2.22846
14.2924 2.59255
13.0992 6.10858
11.8699 2.12592
6.2624 2.17414
2.96518 1.41057
5.77044 1.5006
8.77529 1.35929
12.7854 5.29954
12.0127 8.25831
6.84225 2.07251
12.5144 5.55162
14.2961 9.2993
14.5964 7.80908
15.4631 0.528581
2.68258 1.20151
9.92279 4.69131
13.1413 6.23371
10.3928 5.52293
9.382 6.36647
19.8572 0.0943022
4.67544 0.966521
6.14826 4.04706
9.77874 1.71941
12.4821 3.39732
14.9876 0.320444
12.1158 2.49611
16.6362 2.17597
2.86325 1.77679
16.4257 3.98419
8.01233 4.38795
12.2709 6.13636
7.28477 3.88562
10.4514 6.23829
2.39021 0.0683615
9.05606 5.69964
6.93808 0.901822
10.6497 6.6512
18.4313 1.70934
18.4173 0.142827
13.8456 3.20109
6.83126 3.91949
15.4753 0.172735
12.0652 4.28602
11.7289 6.61977
10.0064 6.99393
15.3423 5.04379
8.23695 2.43721
12.3307 5.50615
10.062 0.514237
12.8562 3.91308
17.3992 4.19507
10.1242 4.28175
9.03104 5.07309
8.04773 5.71856
11.9681 2.2309
12.2544 2.11005
12.0005 4.19935
14.6843 6.37013
14.5195 7.65831
12.6341 2.35969
4.86343 1.84729
14.0104 9.4171
18.4509 1.57537
10.9671 7.03177
10.3317 0.395825
10.513 0.522782
11.3627 0.823084
11.0868 5.99994
15.9661 4.49049
10.1083 5.73412
7.37083 3.54503
13.5295 1.88879
15.2641 5.66607
9.89715 4.42183
13.2279 5.48143
11.4121 0.0744652
13.9573 9.53948
2.48421 0.843532
8.61843 2.89926
15.5596 3.35063
17.7349 0.880459
12.3319 3.57219
1.11576 0.04944
12.6579 4.21216
8.70449 4.21735
7.60399 2.40638
10.405 3.25755
8.9993 6.03412
6.21601 4.41145
12.8275 7.25394
10.8768 0.0341807
6.19709 3.98877
10.7059 1.54515
7.4105 0.318918
4.91043 0.189825
12.0682 2.2721
9.01517 3.16904
15.8605 5.17594
12.9423 0.803858
15.0731 3.74645
2.61055 0.811487
6.26606 2.64565
13.2945 3.58501
8.27601 4.48775
13.2078 3.58898
15.5565 2.79916
5.49883 1.2009
14.2936 2.05298
8.52626 1.2363
12.4131 4.13007
12.6963 1.78137
8.11731 1.97668
15.045 7.33634
4.50941 0.493484
11.8198 0.605792
9.30937 0.182806
11.099 1.99255
7.72118 5.24277
14.0843 6.93808
11.008 0.997345
7.14072 3.20353
13.4324 4.65957
6.46565 1.76122
11.5958 5.64226
9.77935 5.11673
1.21097 0.61861
8.96146 4.85824
13.574 4.76302
11.4316 4.71267
15.3185 7.4984
14.4676 1.70843
12.8782 8.61629
10.9445 2.25806
4.74929 1.56133
15.9062 0.44557
12.2294 4.43922
14.5048 7.77184
14.7575 5.93738
11.0623 0.0457778
3.78552 0.388806
14.3175 1.96448
15.4271 4.69802
12.8166 8.94681
12.9673 5.07035
12.1726 7.53197
15.443 0.81576
7.64122 3.11197
8.8937 3.06406
11.5744 3.12021
11.8723 4.07422
3.62377 1.41362
5.59709 0.138554
17.1892 1.34373
10.2145 3.6961
11.1087 0.322581
16.8963 2.45216
4.63271 2.84921
17.2069 1.09592
7.83837 0.848415
8.19361 0.600299
10.3531 4.59304
11.3852 2.99326
3.53404 1.78106
8.82168 2.50496
6.54866 1.80059
7.10227 4.51796
9.25871 2.01239
5.96576 1.82165
5.48479 3.51329
8.46339 1.00803
9.63408 3.17667
14.2637 7.98334
13.8273 4.27534
12.9704 7.5341
12.5101 3.78735
16.2841 3.57494
17.4694 3.03476
6.65914 0.25544
17.7105 1.50212
11.7301 4.10504
1.8012 0.706503
2.96945 1.23264
5.45854 0.0573748
11.0105 3.20811
2.84616 0.642109
13.4648 1.64922
18.0987 0.254219
3.70251 0.14832
9.63042 0.670186
5.90045 3.34544
10.2707 1.79266
11.6019 8.28059
14.8582 0.93997
18.1915 0.838038
10.5692 2.23426
15.1653 6.74856
14.4145 6.19556
14.2393 0.7004
9.78057 2.84982
12.8043 1.39683
4.36415 2.78787
14.7301 6.76473
12.3386 0.979644
9.93866 0.251473
17.4328 2.86966
16.0839 2.80618
7.85058 0.554827
11.8314 3.78704
7.26951 1.0184
13.6363 6.64846
11.7637 1.47526
10.0833 4.3318
15.2629 6.22913
11.5934 7.95618
15.7604 5.75243
11.0282 0.157781
7.73034 0.0750755
12.7207 6.78304
12.349 7.56005
10.2219 1.17832
5.76434 2.54891
9.38139 0.0683615
14.4176 0.858791
11.5445 3.32011
11.7392 7.81549
12.6798 4.31288
12.476 4.23566
8.21986 5.35234
6.01215 1.70568
14.0776 2.49123
7.9458 4.9321
8.15943 0.848415
11.9755 2.14484
10.4733 1.28605
4.23719 2.81045
11.5445 2.96152
9.22025 0.694906
12.468 2.7607
2.44819 1.26804
9.2758 6.15467
16.8297 0.867031
3.64452 0.988189
15.6835 2.53395
7.68761 3.26121
15.2849 5.45915
1.55828 0.0100711
9.95148 2.41859
14.8485 5.29191
2.98715 1.2241
12.9276 7.96991
15.9703 6.42445
12.9386 7.98456
14.0324 9.7824
13.5405 9.27763
14.749 8.34956
11.8235 0.160833
6.35151 3.11289
10.0504 4.33515
15.8934 1.88208
10.5234 6.54805
11.478 3.40403
15.4497 4.72091
7.92077 3.72021
13.9805 7.7102
8.84854 1.26865
6.8862 4.39222
9.05728 5.68957
13.9927 1.03214
11.7466 8.37062
4.11817 0.505997
13.6296 7.40837
10.1785 6.4565
11.4145 4.9031
3.98999 0.879543
14.2058 6.45741
13.986 5.29313
18.7603 1.85186
6.73788 3.29691
10.5234 0.660726
11.9407 4.36354
15.1701 0.238655
13.6302 9.02493
12.8587 1.45024
5.35417 1.15757
15.023 7.37083
15.5309 6.28895
6.99728 4.52467
8.77102 1.89917
10.665 0.327464
9.60845 1.948
13.8279 3.46324
14.3962 4.41572
18.2971 2.09662
15.8013 3.27677
7.16636 3.95978
10.4465 6.17145
6.26789 0.0103763
9.37346 0.926847
15.678 5.88275
18.0657 0.0747703
11.5085 3.93994
5.81439 0.0964385
14.5305 1.51646
6.75558 0.685751
13.043 1.9776
10.1413 2.89071
13.3683 2.89193
16.9036 3.3784
12.6304 1.75085
11.0288 0.589007
12.7757 7.58782
6.62984 0.823084
16.1162 3.69732
14.5262 0.224311
1.20975 0.393689
14.1209 7.49107
15.6871 1.7954
11.9877 3.80444
10.8982 0.662252
3.87951 1.23356
6.38508 1.99286
6.16901 0.237129
7.56005 4.29579
11.7478 7.08884
9.23124 6.46565
7.72729 4.21064
9.9765 1.91626
18.7146 0.362865
12.1799 5.25987
12.6225 4.75417
4.803 0.582293
17.4279 2.22877
8.97244 2.17078
12.23 4.16974
9.82452 4.58602
17.102 4.58815
14.0239 0.14069
12.1317 4.76608
16.1315 2.94931
7.02109 1.6834
13.5679 6.70309
12.418 3.55419
11.4859 4.23139
12.2221 3.3488
9.39787 1.14414
4.28419 0.944548
9.88311 0.189215
14.1807 1.17801
13.1272 5.67827
5.73809 1.65105
7.80236 0.681173
9.73418 0.464187
18.0193 2.96548
7.38182 3.24259
17.044 0.740074
1.5772 0.821863
8.64589 5.61022
15.1524 2.23914
15.6932 2.36763
11.1319 3.8258
14.8503 7.60094
6.63228 3.96283
5.89618 2.44209
14.9431 5.22416
16.6436 0.328684
8.6166 5.66179
13.6784 7.257
13.5313 2.79916
5.11002 3.28257
8.37916 2.68349
14.2143 8.47041
17.1972 4.50209
14.1655 5.40117
12.8239 3.22977
9.96063 2.85623
11.2418 5.82049
10.8048 5.40513
10.1315 0.958586
6.84103 3.50291
12.6304 2.34993
12.5669 7.48619
5.04227 3.53343
12.8941 1.15268
14.7185 6.57338
8.04102 5.64165
12.3801 1.40934
11.7386 4.19111
11.4286 7.40013
9.09513 2.98776
7.04428 2.84371
3.26426 1.4301
18.5675 1.76794
9.94476 6.99789
3.17209 0.529801
12.9319 2.67495
12.28 2.45216
13.3543 4.97696
14.6977 0.374157
6.30634 1.09897
15.7274 2.41981
6.38447 4.51064
13.1974 6.12445
7.30857 1.58727
9.38444 4.25031
15.0383 2.27088
12.9435 5.42894
16.1882 3.84686
10.3702 5.94134
12.6237 7.7224
13.8072 7.20298
12.974 0.945158
13.925 9.26786
6.5566 0.278939
4.32447 2.91665
4.61623 2.07678
3.63659 2.15796
13.1822 1.8717
10.3909 2.74178
15.0139 6.13269
18.0834 0.773644
11.4164 1.61931
4.6791 0.586261
15.6322 4.91379
3.54564 0.457167
10.5142 5.85131
13.8755 5.63433
13.9866 5.62365
6.59505 2.99539
1.62053 0.797143
12.2874 2.76681
16.4031 0.616169
11.6111 7.67693
16.1736 0.435194
0.706809 0.0216681
5.43229 3.41655
16.5978 5.197
15.1451 4.51216
11.5378 8.01691
8.65444 0.814234
6.39668 0.570086
11.7026 4.55611
4.15479 0.668355
16.8645 2.90719
11.2174 6.02557
14.9071 4.41176
14.6257 5.67125
17.0421 2.77108
11.3419 5.91479
11.2149 4.72579
8.61476 5.30747
15.3441 1.49174
15.5535 0.587176
14.9358 4.96597
7.41844 2.39692
2.69723 0.986663
5.57634 3.07901
13.7516 0.436415
8.78384 1.0477
6.40706 2.29469
15.1219 1.50151
6.77145 2.84097
10.9531 0.595416
12.4113 5.77441
10.925 3.18186
9.76348 1.34159
13.8157 6.0802
13.8774 4.87686
15.2043 0.563066
7.86584 5.02274
14.9559 6.87948
6.64632 0.451979
6.93564 4.85916
6.85629 2.31971
13.8334 7.20084
11.6129 2.06061
10.8957 1.5952
15.7323 4.62691
4.49843 0.448622
14.7411 1.69652
9.28312 1.41148
18.3325 2.07526
16.0448 0.37019
6.67501 1.36967
6.27033 2.53059
16.2004 4.00098
13.0125 2.71676
9.71038 5.28489
12.1433 4.38978
14.937 8.3282
15.7561 0.591754
13.8139 7.12546
9.794 5.06485
5.63738 3.66741
14.2869 8.58516
8.83206 0.594806
10.607 4.97269
18.5424 1.57903
16.3884 1.29856
14.8576 4.832
7.73827 2.13355
5.08072 1.45207
15.1201 2.1662
11.1563 0.585955
14.0904 8.20124
19.1595 0.138554
3.35276 0.519425
7.63268 1.42674
13.0235 7.83624
13.4501 7.20359
10.4447 5.30229
11.3248 2.87423
12.6542 2.35664
11.3651 2.96823
14.8601 7.56188
8.37977 5.51561
12.1311 1.35746
16.1779 4.77401
9.95331 5.9154
13.0003 5.41643
2.73873 1.171
9.26237 1.88116
4.28602 2.87545
17.5323 2.95755
10.4282 4.6144
8.58486 4.94858
15.96 5.92944
12.6054 7.34336
10.9915 7.65435
10.474 2.98807
19.0625 0.137028
7.48619 3.26914
10.7633 3.30638
11.066 6.23463
13.6876 8.68679
6.03961 4.28724
8.33277 4.55214
14.7826 6.96982
14.3266 5.78692
14.4127 5.63463
13.339 2.88461
10.856 6.75649
6.4742 0.658895
6.72445 2.5483
18.3953 0.966826
14.1935 6.94845
12.219 4.91073
12.1659 8.41548
15.9655 3.8847
11.6208 5.2913
13.383 9.40672
18.3081 0.973846
10.9207 2.91971
2.2718 1.27079
12.7024 1.73345
4.08826 0.448317
6.24104 2.45705
9.82269 3.20231
10.4617 1.85339
16.0582 6.53157
15.247 7.0394
17.6531 2.67006
8.82839 0.596942
13.3299 2.7131
5.01968 2.20008
4.34767 1.26682
7.00095 3.58898
13.2914 6.82333
11.1087 4.35652
8.24549 2.95511
9.66399 6.68172
12.5419 0.696127
14.033 6.74276
4.96109 0.307016
15.8147 1.57048
14.1661 8.3578
8.28089 3.84442
10.9714 1.88299
7.92749 3.36985
9.61028 6.74856
3.08176 2.18543
2.89682 1.29398
11.1228 3.90149
11.9236 0.089114
4.79019 3.06711
11.6269 2.76284
10.5234 6.22333
13.4495 4.60433
9.02249 1.51219
19.1296 0.0747703
9.31547 1.72826
8.36329 1.97882
12.8452 5.33403
4.01013 2.53212
12.6652 7.25944
17.0348 4.36293
15.5351 0.32899
10.4379 0.38789
10.8805 0.265206
12.3972 8.16431
9.99664 5.22263
12.9887 5.89862
14.655 7.44957
12.9148 8.14844
14.7032 2.05145
9.66216 0.635395
16.6326 3.90484
15.8037 6.91733
3.92773 0.206915
10.593 6.28529
11.0428 5.59618
7.70837 3.13974
6.46931 1.3654
9.14823 2.62825
17.9534 2.74911
17.1642 4.07239
11.7838 3.31034
8.35414 1.95044
6.57002 2.9899
9.47478 5.94653
4.99588 1.58452
13.7242 8.81802
7.24448 2.05145
3.93078 1.04404
10.2072 0.810572
19.4324 0.871303
17.6702 2.24372
3.19895 0.224006
2.96762 1.66601
13.347 2.89377
8.58913 4.17707
10.4276 6.37165
13.2774 5.44969
11.652 0.00244148
11.5403 3.11625
12.1793 6.34816
12.7726 4.70565
13.6467 7.10959
15.4686 2.20618
9.50896 5.4857
11.4328 3.53526
12.1494 3.53008
9.28007 2.09906
6.54134 1.1829
13.3055 7.87378
1.14566 0.629902
18.5412 2.08441
13.8493 9.09757
15.7695 4.44746
8.91263 4.92416
16.5661 0.182806
9.51811 6.58498
12.0286 2.54799
8.98953 6.36799
11.0672 4.90677
9.75738 0.960417
14.8466 3.53343
18.4338 1.04984
12.2813 5.91754
16.5374 5.70605
19.2517 0.374767
5.94073 1.25492
2.77169 1.44322
17.4126 3.25877
14.3083 1.03122
11.3163 0.886563
9.00662 0.760826
1.24454 0.266427
10.8524 3.61675
12.3746 8.15546
9.77386 6.76199
18.4094 1.64586
19.6435 0.00183111
13.0039 4.25153
4.78896 2.07312
3.68908 0.771813
12.7116 0.985443
10.5216 2.44667
7.58202 0.352184
13.795 4.05805
13.4587 8.55342
12.866 7.47917
13.9592 0.207526
12.7079 6.76565
7.40135 2.17292
5.31327 2.10761
13.676 7.82678
9.62127 5.82202
16.8761 0.913419
17.5799 0.354015
18.0126 0.061037
15.689 2.04749
14.7661 3.62774
6.12018 3.16904
7.81518 4.64278
14.3876 8.28883
4.0846 0.79165
6.47664 2.32978
9.88495 1.85705
16.1632 1.68096
14.4627 7.04031
6.59566 2.99448
13.8542 5.76342
8.9761 4.2494
15.7903 1.03458
11.5787 4.79934
11.1179 2.07526
9.29838 0.0265511
2.38838 1.00101
10.5051 6.7861
10.264 6.92495
18.0706 0.93234
15.0548 1.1298
8.82778 4.52834
5.12467 3.49956
3.27769 1.49205
10.9592 4.14136
14.9803 0.824
14.3004 9.45738
8.69533 0.467238
12.1177 3.46355
11.2467 0.292978
10.0363 3.09153
7.49351 2.47444
11.0569 0.271004
8.96634 1.07212
9.98138 3.08969
3.24229 0.0308237
11.6276 1.06906
11.1466 2.00598
11.204 2.94259
14.6251 2.9017
10.0961 4.77218
9.4583 0.29664
18.5235 2.43629
2.55928 0.637837
13.8505 3.89721
7.43614 2.33375
12.772 7.12424
6.89596 2.19611
15.576 5.51775
7.54051 4.81887
8.7875 3.6549
2.84677 0.243538
13.0461 4.28327
3.50047 0.480667
11.5439 5.81744
8.33766 3.8023
6.97775 1.37883
7.45811 3.00668
16.0424 3.94238
18.0035 1.62542
5.27787 0.92288
4.22559 2.8135
11.4176 3.6082
14.3437 3.80963
15.3618 2.38258
6.44124 3.80261
8.24915 1.15299
13.4916 4.79263
13.2029 7.05222
3.78735 2.31574
9.5114 1.37944
10.0571 7.08945
12.349 5.24033
15.4155 0.427259
8.00867 3.42418
19.2627 0.749535
7.51305 3.90637
12.3466 5.53667
11.2253 4.84848
19.5672 0.678121
15.0615 2.13111
14.1166 3.60576
12.8147 4.04553
9.38871 1.40599
6.00665 2.43995
10.8359 1.85522
8.81497 1.95379
10.4807 6.98508
6.76717 4.70779
7.50633 1.47313
11.7618 7.67571
13.0345 2.99448
13.8279 5.10025
14.7252 7.35374
11.8259 6.60695
8.86258 0.0839259
7.49351 1.13773
8.96573 1.50334
11.8003 3.26334
14.6165 6.49312
14.8979 8.32362
16.7455 2.37526
15.9691 2.8547
16.2493 2.219
19.6991 0.291147
12.8617 3.13303
7.8341 5.21897
13.4025 4.27595
15.0682 3.81176
11.3724 4.21766
8.39686 2.81808
17.9882 0.671102
8.6697 0.200201
8.71914 5.82293
14.8991 5.29191
18.9789 1.17954
14.8869 2.94504
7.34886 4.44441
8.53969 0.355846
9.01639 2.53121
6.77023 3.87707
6.26301 3.73913
11.9333 2.39937
12.0023 4.49934
15.2861 7.19199
10.8457 6.53462
16.0955 2.72835
9.46135 4.47066
5.16556 0.485855
9.24711 3.96435
13.1883 6.2685
3.37046 1.1536
10.7486 2.97494
15.5626 1.51372
14.8454 1.57811
15.0041 7.46361
14.4914 7.41386
9.22086 3.28227
8.70632 5.71795
10.7724 7.60765
9.44304 4.67666
16.0497 2.02612
3.64879 0.201117
14.4426 8.31874
13.5832 2.42195
14.0281 6.10767
6.51692 4.38581
11.7826 6.49129
15.3276 4.69619
15.5504 1.01749
8.41151 2.74453
14.5329 4.94308
16.4428 4.35865
16.6771 3.29966
12.125 6.03473
7.60521 1.10874
11.4774 3.74218
8.87417 2.07892
6.88986 1.05747
10.9555 5.33708
13.2463 6.3976
14.4987 8.67977
11.879 4.99863
14.7966 6.09302
6.90939 2.64657
2.78268 0.739769
14.6171 4.67421
7.24876 1.84912
10.2243 2.08258
16.4733 5.41948
14.8424 2.49977
3.91797 2.04657
16.762 3.7138
8.08313 5.06973
15.9569 0.193487
10.9635 5.73748
4.81033 3.43211
4.51247 0.0836207
9.81292 3.89172
14.5207 4.04187
12.0884 7.86035
4.37147 2.91116
11.1234 0.331126
16.2487 0.0518815
3.65612 0.787378
10.286 1.08676
6.18793 1.94586
7.36473 5.07645
10.4251 1.81127
6.26301 0.17243
5.98285 4.01288
11.2613 5.75884
16.4769 1.14719
11.0611 3.55754
8.78079 3.10343
7.61315 3.1666
7.92138 4.07392
8.58852 0.349437
15.938 0.895108
10.6253 5.45671
8.12525 0.0668355
16.1144 3.98267
15.6078 2.69387
14.5982 1.48289
14.8332 7.03055
18.9447 0.58504
11.5116 2.65633
6.48213 2.74789
5.33158 2.30079
12.8544 7.47856
16.6643 4.94858
3.91369 0.719321
15.3349 5.71001
4.37025 3.06192
6.99789 4.83718
4.64492 2.02155
17.3382 0.657064
12.4461 0.183111
11.1655 4.7853
7.8634 1.85858
7.29881 0.627155
5.76495 2.07739
12.5492 7.61101
18.0029 2.0838
11.4389 7.23228
14.4523 3.27036
11.0672 2.88522
16.8163 5.01907
10.6748 0.575274
5.70269 2.69387
12.4699 2.16346
11.6355 1.76885
4.68581 2.07129
10.7193 2.95206
13.1883 4.23688
14.2412 1.4771
10.3555 2.39479
18.5192 0.235298
12.1458 5.85864
11.8802 2.39296
15.6932 2.27973
7.56676 0.542009
8.84121 1.42979
12.2861 4.756
11.4658 2.13507
1.17435 0.275277
14.0202 1.61199
17.7587 2.51503
6.30757 1.96661
16.1882 1.34739
13.2865 3.2963
15.1708 1.36326
13.8493 4.06201
10.123 1.66265
5.19852 3.05063
13.3219 1.2241
15.7176 4.37819
16.7144 2.38563
5.56658 0.112918
6.2093 1.85675
9.0054 0.370495
9.96246 1.59185
8.35353 2.93741
8.87112 4.35408
12.3185 1.59429
9.63591 5.28672
14.2741 7.87072
10.6113 5.04624
3.65978 2.03131
18.1256 2.18543
7.59056 0.147099
11.4798 7.18925
17.3315 0.759911
12.2727 8.28486
13.5667 6.56514
11.6703 5.08316
4.89639 1.17435
14.0013 4.63332
7.02902 3.78826
13.4355 0.364391
12.1207 2.24158
4.18836 0.814844
3.76049 2.5248
15.0023 1.54637
12.277 3.28867
12.9649 5.13077
13.7175 5.84918
11.9108 1.29368
16.3823 4.94583
0.722068 0.0585955
14.8283 5.244
15.1695 7.9696
9.80255 3.9259
17.2912 3.79589
6.70858 1.89154
5.83819 0.0900296
8.32911 5.67248
13.6753 0.862148
14.9437 2.85714
12.2373 6.03381
15.4955 0.156255
11.5494 1.36753
18.6749 1.54851
15.482 1.34251
17.6867 3.15775
16.8975 0.554216
13.4513 4.39222
13.8182 5.63738
14.2692 5.04044
8.96817 1.4594
16.3152 4.11206
7.56371 1.73864
8.39869 1.15726
4.51369 3.05338
6.67257 4.60219
18.1286 2.08472
14.1307 8.61385
0.971709 0.292367
9.35148 4.89792
9.5529 6.5276
12.1714 5.63921
7.84875 4.40382
0.684835 0.0598163
7.23228 2.4131
15.2 6.81265
16.6564 5.07157
12.5748 8.20948
15.2019 2.7842
9.2581 5.94653
7.58629 1.39775
14.5695 2.28675
13.961 4.23994
15.1164 1.57903
3.10129 0.459304
14.5463 6.64998
15.1683 2.01209
13.668 7.322
15.2788 7.67235
16.1791 1.78838
10.9751 3.39183
10.6296 0.425428
10.6516 2.46193
12.5858 3.22184
7.97693 5.20707
13.8639 9.31516
10.0888 0.800195
13.1639 0.961943
19.0155 1.19022
16.856 4.84939
15.6334 6.24104
14.6318 2.60109
7.58263 0.860012
15.4894 2.71615
12.4192 8.37062
9.15983 3.12265
10.4672 2.92489
7.00827 0.229194
16.3427 4.69558
16.8548 4.75326
8.44691 5.3621
13.9995 6.20014
6.88314 0.639668
13.8371 5.53179
13.4782 6.06403
8.32179 4.87197
11.9187 7.75567
10.5124 0.389721
16.3439 2.00903
14.9461 3.93902
8.30714 2.49794
4.03516 0.245369
17.0885 4.55458
2.9078 1.25126
16.071 5.57848
9.90326 0.535295
12.8898 1.84362
15.8812 2.74453
8.24549 2.39784
12.006 7.91803
10.831 3.28593
13.5875 1.92999
14.481 3.67565
4.87197 1.34495
11.7582 3.0018
17.2478 1.03641
13.5911 6.01123
14.8692 5.30381
17.6696 0.0173956
12.2599 8.13227
14.3815 4.67971
16.3939 3.73089
3.51634 0.129398
7.25364 4.38856
4.17615 2.79946
7.94092 1.29978
7.00827 4.17219
8.26319 2.62062
9.79888 1.59734
11.1643 2.34382
16.1095 1.50395
17.4084 1.58391
6.26301 2.04291
14.5927 2.62001
14.5213 4.9147
3.9729 1.38615
18.7286 1.32298
13.3549 0.533158
14.8253 6.29963
16.1205 6.02771
13.0815 5.75243
5.49394 1.36479
12.8751 2.10303
11.8516 2.67922
16.4507 1.6419
18.1103 3.13639
14.7111 2.62734
12.136 3.85296
14.6648 7.99402
12.2672 6.44459
15.941 1.91809
6.0213 3.90912
15.8678 0.142521
10.5527 4.41359
19.5025 0.655538
3.69274 0.40315
3.63414 0.906095
9.7824 0.445265
4.92447 1.75481
16.4837 1.5479
18.3959 0.899991
9.52605 2.49092
15.363 3.01675
7.89453 4.43648
7.43919 1.27415
11.4225 3.5667
14.2784 9.49004
6.41743 0.142827
19.1571 1.06876
6.04022 3.34269
5.02579 3.58806
14.9248 5.65264
11.7032 1.23356
15.5797 4.4261
2.66488 0.946379
10.6479 0.885342
11.0337 0.695822
7.74499 5.40391
8.6697 5.82049
15.9465 2.05267
10.6388 6.79159
10.5911 4.4087
5.44755 2.41005
12.2098 0.232551
19.143 0.740379
4.87442 3.11747
6.24897 3.79315
6.11286 1.37303
11.464 6.81417
13.7858 0.773034
2.74361 1.78198
10.4941 5.62395
5.20219 1.0712
7.11081 3.51146
14.8869 0.198675
10.8487 2.84341
11.1789 4.46364
10.2664 0.365917
1.53447 0.315561
16.997 2.27149
9.15494 6.01703
7.83532 1.50578
15.2477 2.9487
10.8951 5.87207
11.9956 1.44932
15.4283 6.27827
8.00134 4.19721
15.3819 7.43583
10.1956 3.70281
13.1352 0.0021363
12.0719 1.59032
15.8678 0.679037
6.01093 0.693381
13.0784 9.28037
8.40297 3.06558
14.199 6.42323
10.8029 4.27351
13.9549 1.4011
12.6304 1.77221
16.3634 3.22672
11.6636 6.9219
12.7775 6.15894
16.3805 5.50676
12.0347 4.03272
11.1161 6.62496
9.95392 2.91177
11.4408 6.93319
11.7087 2.70882
16.0686 5.57604
13.9036 8.88302
4.12488 1.90649
4.22132 2.35237
2.7839 0.581378
7.84814 1.59001
12.3246 3.65612
15.67 6.78762
8.66909 6.09333
9.76592 2.50343
8.22657 1.54912
14.3687 3.39427
9.13602 1.11179
2.19062 0.0430311
11.4353 5.8037
12.5987 3.66924
15.8879 0.989715
17.1105 1.28147
4.95193 0.1236
6.56453 0.740074
16.4415 5.41154
9.71221 5.57939
13.3048 6.37471
3.56273 2.31483
7.31162 4.27595
9.66826 0.331736
8.07459 2.18451
10.7541 1.62175
8.48659 0.842616
14.1227 7.12638
10.9073 5.85742
11.0367 4.46394
14.0471 5.27207
10.7895 7.46727
15.5803 0.614032
11.0508 1.35777
10.018 7.069
14.94 4.66475
16.9408 4.13923
8.35353 0.297555
14.9644 5.83239
12.8916 8.45058
14.8143 3.84503
6.61275 4.4319
5.94134 1.40141
12.0243 6.88406
13.8713 7.3867
6.7861 0.769372
10.0479 0.390332
6.1214 4.26222
10.9824 4.76638
16.8816 5.08072
8.59279 2.65999
10.7144 1.96326
17.7367 0.535905
11.4475 2.56935
10.2707 3.72112
14.8729 1.95044
11.9102 7.88781
16.035 2.08655
9.55962 2.16895
14.9644 6.27186
16.7681 1.18931
13.1858 0.186468
16.2883 0.0402844
9.18119 0.583514
12.8446 1.60161
15.5602 2.31635
3.1312 1.31046
12.7793 2.837
6.62862 2.26936
9.25932 2.27546
11.2558 7.65221
13.0705 0.620136
8.72158 5.55681
17.0025 3.71929
15.0517 2.18482
16.8224 0.112613
11.7869 4.81521
14.9944 1.39744
15.988 5.90381
12.5974 6.07562
3.42174 0.477309
12.1329 4.3141
14.9821 0.310678
15.9771 5.82354
8.81314 5.41612
16.09 0.388501
12.1171 5.76464
14.0843 5.39659
17.3034 4.29731
10.0552 3.12998
6.11042 0.24659
7.56188 4.81948
15.6951 1.76763
16.5038 4.11969
10.7932 5.40788
10.1242 5.05417
16.9121 3.32591
14.4865 7.83868
13.6558 5.83392
11.2143 3.19926
2.2486 0.103458
10.654 6.89993
13.3341 8.69137
6.6158 2.07892
14.8509 8.00226
14.7874 6.27216
6.03473 1.8714
13.6387 8.05475
13.0113 0.993683
12.1824 2.55379
16.823 1.03122
17.0623 2.17414
9.81414 6.94357
3.5316 2.13569
13.8664 5.87024
11.9596 8.49696
13.1639 7.89392
9.6585 3.69091
12.5236 1.60405
14.3199 2.12348
15.7067 6.66829
7.22251 3.41533
9.43449 5.833
14.9498 6.92709
13.643 6.18458
14.514 4.64522
14.3071 2.26234
15.4772 5.57604
16.8749 2.57088
17.655 1.32786
6.58467 4.17127
1.40996 0.130619
16.2926 2.00201
5.75213 3.83038
8.40968 5.03159
8.29554 1.2833
13.9537 5.23667
17.5329 1.86621
2.6014 1.57201
8.84426 0.636616
10.8585 2.55379
12.4747 6.31855
17.5402 0.0628681
10.0827 4.13648
10.4886 2.48482
14.6367 1.62481
15.8123 5.3798
14.4902 4.0788
10.8493 3.4373
14.1734 0.366222
6.13361 1.1185
12.6176 0.225227
11.5207 0.368358
15.9819 0.603656
7.96106 4.82559
10.2957 3.90332
7.64 3.27708
7.37022 0.994293
11.1771 5.73016
2.57088 0.833766
12.1561 6.07593
4.17066 0.401013
16.3567 3.19956
6.51448 1.48381
10.6211 2.19428
9.8825 6.63442
15.5181 5.63128
7.40196 3.15592
7.24509 4.45662
9.83917 5.58672
19.0112 0.82522
8.98892 4.31166
14.6562 4.28724
11.0813 0.769372
5.96515 0.784326
9.26969 4.57381
13.585 0.508133
15.8843 0.422681
9.68047 0.624104
10.1614 0.474868
13.9293 5.3151
12.916 4.39253
9.39482 3.71441
5.13749 2.24586
19.3786 0.800806
7.08823 2.87576
6.02618 3.50139
15.139 3.97809
16.5691 1.65685
13.9946 6.61092
1.76763 0.799585
15.0993 7.48894
17.4157 3.59752
15.0487 5.26658
14.597 6.96371
13.0747 1.71178
5.15336 2.08106
8.91812 3.64299
15.3758 4.22895
11.8589 2.88644
17.4651 0.381176
11.4335 0.479751
8.07031 4.38154
15.902 6.22333
14.2259 1.28239
15.5052 1.28697
11.3511 2.02277
3.79101 2.37648
6.90023 1.59978
2.55196 0.159917
7.81213 4.06781
13.2072 3.26853
10.9037 2.38166
12.2214 1.50121
11.2741 7.48405
2.89132 0.687582
11.1246 0.339366
15.2715 6.62496
7.09983 0.425428
12.7573 6.06159
4.25123 2.98502
10.1621 4.279
13.4135 4.91958
14.503 7.89239
16.5929 4.45296
11.652 1.33457
6.91733 3.53435
2.9603 2.10669
12.2074 6.22486
10.6003 7.42729
10.5771 1.56316
15.6059 2.77444
10.2841 6.12995
10.3806 5.01755
18.3563 0.672628
17.7514 2.15705
11.5683 8.05841
9.05667 1.98981
2.58919 0.357372
6.68294 2.29286
2.3133 0.668355
10.5417 1.28513
2.15155 1.30284
15.0468 6.0625
0.258187 0.02472
11.2137 3.37962
1.04923 0.643941
3.57738 0.34608
8.40236 2.54524
14.6251 0.0338755
13.0778 0.803552
16.6137 4.99771
4.09009 0.377514
11.3981 5.75335
14.5219 3.52519
9.92767 3.00516
15.8092 6.55812
11.3541 5.59709
15.8727 2.17322
16.0753 2.70241
5.97064 1.1536
16.3921 3.41441
5.54033 1.59154
17.4499 1.70476
2.94931 0.332652
6.88742 2.22541
12.9557 8.39839
5.69109 1.41667
7.26218 1.08432
9.12442 6.39607
7.8634 5.08805
15.5608 3.6259
11.8387 8.32148
14.8961 6.4745
17.9186 1.4597
9.37773 4.04523
10.4001 6.4977
8.72158 5.403
12.8318 6.63869
16.0222 2.67739
13.8646 3.80139
9.41618 5.81957
3.36131 0.440687
7.8634 0.459304
10.4654 2.35054
13.5447 2.12226
9.55412 4.85427
6.06586 0.661946
8.17286 1.45756
18.9227 0.918607
9.73663 5.8919
12.4998 1.23264
13.0308 0.305795
11.1112 3.82488
8.58242 0.207221
9.33805 4.51277
9.16654 3.58898
7.96045 1.53172
9.68841 5.57604
1.33061 0.66805
9.18973 3.15287
11.7502 5.93402
11.6813 6.58956
11.569 0.333872
14.929 0.013123
19.4055 0.451979
14.8784 6.87307
4.25489 2.6249
13.4953 8.95627
1.919 0.187384
3.17392 1.53386
15.1848 5.40666
15.8727 5.60869
4.54115 1.85461
7.13584 4.50819
12.0396 5.76708
13.6778 8.20673
17.5713 2.70211
6.90695 1.03946
2.86874 1.92511
15.2263 1.81646
11.1362 3.28867
8.03613 2.70852
9.62737 1.89001
15.5675 4.17982
11.7002 2.33863
16.8065 5.11399
14.796 8.64071
5.23209 1.42216
12.5553 2.47353
15.222 1.72277
11.8894 7.21458
12.407 6.87185
19.1589 1.06357
17.843 2.02033
15.9606 2.97342
17.6946 2.62551
15.3337 6.38478
11.6794 3.85968
15.0853 7.65374
14.3785 7.52129
13.5984 1.54576
17.7245 2.92367
13.2688 6.51143
12.8483 5.2562
12.8831 4.65987
10.4501 1.24302
10.2701 4.84451
13.6064 7.3281
5.12345 3.40403
18.6023 1.86499
19.1717 0.23957
12.1024 3.70861
13.4941 3.16843
10.6583 2.32002
3.90393 0.0521867
13.9586 1.68279
16.3756 3.96191
13.1663 0.597858
13.6155 2.84555
14.89 0.366222
3.73547 0.290536
9.12015 0.019837
12.8465 7.94031
16.5075 3.9848
14.2381 2.39509
9.85626 0.106204
17.5506 3.10251
17.6983 2.56905
9.91729 0.994598
3.70067 0.614948
13.5051 0.762963
7.8103 4.57289
13.4379 8.6285
8.59218 3.30332
11.0843 2.93405
8.57021 5.94806
10.9842 6.2801
10.2445 4.05499
17.293 2.39723
16.9726 3.44493
16.2877 2.56325
14.0666 5.61052
11.4914 2.7958
17.2808 4.28022
13.646 7.73675
7.16941 2.6307
14.5061 5.50188
17.788 3.57372
4.30128 2.02277
7.01621 4.78805
10.3012 4.98001
12.3374 3.30882
8.07764 2.14301
13.3824 3.82916
9.24467 2.35511
16.6582 5.20127
12.7622 0.993377
10.2219 2.89254
4.29701 2.56844
3.14158 1.301
19.1144 0.713828
7.85302 5.34562
19.1876 1.31077
15.6963 2.95053
15.1793 2.67556
8.49513 1.33549
11.6947 6.31031
18.4307 0.949736
13.9958 3.83312
14.8906 2.83853
14.5878 4.69192
10.6436 5.54247
18.1555 2.96762
3.68114 2.33528
5.76922 1.05106
12.8764 2.95785
5.27177 3.69274
12.9588 8.81802
12.0664 2.95694
11.3932 3.99121
5.23331 1.84912
11.4798 5.76281
12.4607 1.35899
13.9183 0.457472
5.60869 1.12888
11.7521 3.05857
13.4538 6.22211
5.5916 3.22214
8.66237 1.92175
13.6607 6.29505
8.67336 4.58937
9.2758 5.25163
13.1919 1.61534
11.5854 8.13074
14.4035 7.25669
7.43736 4.15571
18.5382 1.97485
12.8056 3.83587
6.63839 1.68279
9.32524 0.980255
12.288 8.27754
10.5557 0.375683
9.52361 0.918912
6.48396 0.18952
13.2817 5.57787
16.7626 2.6661
4.22803 0.703757
15.2104 3.47453
14.7826 2.33039
15.2983 4.81979
10.7956 1.61107
14.4884 3.55724
13.7303 3.60393
4.8732 3.41411
12.7256 3.18461
5.79852 4.12732
5.58611 2.33283
14.3425 8.46034
11.3126 2.34046
11.3028 1.22837
12.3325 6.74917
14.9077 1.20273
8.70266 2.61391
11.8845 8.03552
10.4721 3.48094
6.686 2.55928
11.4487 7.12241
10.4862 3.95032
16.165 4.33851
4.62966 1.82226
5.63066 0.954009
15.5364 6.23432
11.2619 2.60475
18.6138 1.30985
14.8363 2.55989
13.9702 5.73443
7.36106 1.45177
11.4518 7.89026
8.71303 5.87176
15.7384 1.01413
5.74602 2.2956
14.7697 1.98462
7.54479 1.07425
15.7756 6.14978
11.3651 7.85302
11.9956 4.53413
9.96918 0.0509659
9.66155 5.68194
6.70919 3.96985
6.57552 0.646992
2.43599 0.79165
11.0202 4.1377
11.2125 7.05344
12.8764 8.25098
8.93765 1.17344
13.1553 0.750145
14.3809 6.54866
5.94134 0.307627
6.41804 0.600909
5.26444 1.43162
5.6209 2.97433
15.0981 5.7683
17.0965 1.50273
5.86566 0.234993
8.29859 1.10538
13.3 7.163
7.4044 1.73742
8.00501 5.10331
17.8814 1.78228
12.689 1.38005
6.51814 3.67992
9.89654 4.24299
16.4348 5.88824
7.15781 4.93454
5.94134 1.39622
13.9775 7.18986
9.3173 5.81133
11.6892 2.70943
7.82189 1.84545
15.2745 3.83526
14.854 7.28751
12.0505 3.39305
18.2208 1.71636
7.82983 2.95511
4.03699 2.59072
16.2786 0.299081
11.8113 0.274056
4.8323 2.11188
7.16941 3.47728
15.7878 6.28315
18.8696 0.310068
11.6593 2.42439
10.8054 6.51662
9.37468 1.99774
12.5602 0.977813
11.2864 1.68218
17.2454 2.60506
16.3195 0.860317
9.11649 3.43181
14.8973 3.06345
6.64327 3.77239
11.4176 5.08683
16.5337 0.864284
16.0912 2.27485
12.3392 5.00778
16.5197 1.87506
15.8031 3.24198
6.31489 4.46059
14.7118 5.73382
9.00784 0.797754
16.2957 1.51799
15.5986 6.82669
10.8145 7.05588
4.97635 0.263985
17.3894 4.2439
15.1183 0.629292
2.39326 0.209967
10.9665 0.666829
6.54683 2.48024
8.56899 4.08856
14.2491 9.29685
13.3836 1.94128
10.7193 3.06101
10.1645 6.94418
6.42842 4.35835
12.5077 7.29301
4.86709 1.65654
10.9262 5.66424
7.96167 1.73864
13.8749 1.13529
17.058 3.27494
7.28111 1.46306
14.4218 5.30564
2.11188 0.551164
12.551 8.12799
18.2971 0.348521
9.02371 0.97293
6.02618 2.79153
19.1327 1.12308
12.443 0.684835
9.03836 1.08097
13.7181 5.06424
12.0951 7.41935
18.103 2.9429
8.11426 0.993988
12.9954 6.60115
15.5565 4.3318
17.9022 0.40437
15.2062 6.97104
6.84591 2.31147
8.99564 2.68777
4.66506 0.503555
4.68947 1.49449
9.22391 3.36436
16.8664 0.91586
13.7352 2.88644
9.07987 3.78338
13.9903 9.0698
8.6581 5.29008
5.60869 3.62529
14.4694 2.32429
14.199 6.0152
8.84365 4.10535
3.1727 1.30375
12.595 5.53972
11.3919 7.13828
10.7846 2.94198
15.1189 0.0875881
6.0921 4.11573
12.7671 6.91916
11.5494 6.86026
17.0629 0.077517
13.4605 4.98428
8.66543 2.7195
13.9366 4.87594
15.0932 0.290536
9.96124 1.57353
13.0381 2.36732
12.9356 7.94824
16.1437 6.13147
10.5771 6.92373
16.5166 3.02622
9.82391 0.884426
8.41884 3.60912
5.96942 0.0366222
9.25871 4.75417
11.3376 3.36192
18.9343 1.06906
15.7176 2.79427
13.5936 9.19706
15.4778 6.1803
16.5624 2.54036
3.21787 1.33793
5.42802 2.80343
6.44368 3.89904
18.7805 1.22379
6.35884 2.80923
7.77673 0.747703
11.0392 4.56923
7.24021 1.55492
16.1864 5.43352
7.19687 0.395215
4.02478 0.122379
16.7699 4.89731
9.4528 5.7448
4.55519 2.53822
9.8178 0.557268
15.4851 0.72512
14.8918 1.4771
18.1469 0.00915555
14.3535 4.51674
10.8469 3.4669
8.38649 2.67769
13.2353 2.92154
8.53114 5.13016
13.2517 5.72161
10.856 5.77166
15.4033 1.34373
12.2837 8.49513
8.8638 2.91787
15.4131 0.195318
8.77346 5.17228
13.8108 2.26905
10.1956 6.56087
9.26847 0.358898
15.1744 4.89822
8.74416 1.5482
15.2629 5.87512
6.64327 0.493484
13.0906 6.48061
10.1309 0.715354
13.4465 6.91366
17.6495 0.384838
13.9879 6.69027
19.657 0.0747703
12.6487 3.69274
13.9659 4.69222
15.6017 4.5497
9.06034 3.76446
7.72301 1.79601
17.6141 3.12937
14.3651 1.08493
9.63652 1.41209
9.57366 4.21308
11.887 6.36128
2.62764 1.64068
6.26728 1.52532
11.218 1.72826
9.63408 6.5389
14.8552 4.54421
3.45714 2.34962
16.8542 3.82458
7.77673 2.20801
12.2373 4.46028
13.2896 5.8092
15.7317 3.86914
11.2564 0.509659
11.8497 1.87078
13.9018 4.96323
14.5225 1.37761
9.94476 2.68014
10.0406 6.19434
18.6688 1.19297
15.6236 5.07889
13.7638 8.01935
15.7866 4.6382
17.271 0.633869
16.7272 2.45308
15.988 4.01135
9.6646 0.372631
14.6422 6.84042
12.3185 0.210883
11.1515 7.43065
11.9895 0.00305185
15.4192 2.31483
14.7264 1.07089
4.11512 1.7655
5.28031 1.01138
9.87579 4.95926
15.4619 1.19602
19.1925 0.601215
12.3856 6.9335
14.3266 9.13266
13.5057 7.66137
5.56963 3.19529
13.2579 6.76504
13.9024 5.1265
8.3993 0.136113
7.44591 0.511185
5.20402 1.31108
12.9496 6.29261
16.1541 0.587786
12.3258 5.09964
8.32667 1.16031
9.97772 4.73159
14.138 5.51531
8.80154 4.71053
13.7535 0.664083
6.17328 1.90924
15.9734 1.23386
9.40947 6.69942
12.487 6.86575
9.12076 1.06052
9.78301 2.20801
14.4597 5.11704
18.5107 1.34526
10.7822 4.88296
12.7549 6.68844
8.90164 5.16892
11.442 6.78182
0.236824 0.160527
10.8506 1.6364
14.9052 0.262764
10.463 2.6017
1.9013 0.732444
10.7437 4.2024
18.0505 0.802026
17.0782 3.93048
10.4489 5.54399
3.22398 0.0479141
16.0747 0.834376
14.3687 3.80871
4.44105 1.20426
18.7274 1.24973
12.8367 3.67931
12.5669 7.01041
16.9823 2.6487
11.6678 7.82464
16.6338 4.37513
15.6151 5.04776
17.2796 3.15195
10.1486 3.95917
10.5167 6.77236
6.36738 0.0146489
6.70309 1.47588
1.68035 0.109561
14.6031 6.63991
6.28681 3.29325
18.421 1.31993
7.05466 1.93548
15.2666 1.81127
11.503 1.24027
15.2892 0.421155
6.44673 1.86834
15.8409 2.86996
8.99808 6.16871
17.0312 3.32926
13.1266 9.12442
7.57408 0.354015
13.878 9.06339
9.78423 1.90954
18.0389 3.17728
7.81091 0.945158
7.44713 3.51512
10.6058 4.82711
2.94321 1.25065
17.5872 4.0083
6.8453 2.92734
9.73968 2.72561
15.8928 1.40416
10.3177 1.68737
14.6458 2.61116
12.6383 2.85806
10.5252 0.297555
17.1569 0.664083
14.7398 2.12775
13.8725 9.14609
11.9303 0.0970489
8.38893 4.38398
11.5311 4.49416
17.0232 4.38063
12.3417 7.47032
14.0678 4.85366
12.0884 2.63924
10.8664 1.82012
14.7056 5.9859
15.1738 4.37147
7.31407 2.20832
12.6981 2.48878
14.3284 3.38389
13.726 1.43162
6.89047 3.03507
2.33283 0.757164
16.4653 1.15177
15.4051 5.30381
12.4058 1.00558
6.54561 3.91919
4.37513 2.71676
7.17185 3.31095
13.2499 0.142216
15.1463 7.12943
15.4717 6.79952
7.39036 2.35755
0.629292 0.204474
7.53075 0.0860622
18.7713 1.33549
13.267 8.8345
16.6662 5.37492
13.4587 3.85418
12.8111 5.30992
9.52849 2.62795
3.67382 1.87872
11.0788 7.82434
2.22297 0.117191
12.1268 0.247505
7.77734 2.6014
15.8055 1.64037
18.0584 2.9667
15.0114 6.56514
10.9928 0.368053
8.8345 0.632038
9.05606 3.06528
4.35804 2.95175
8.60012 1.70995
10.5814 5.83209
12.6511 3.40526
6.63778 4.58113
14.2827 9.50774
14.8094 2.17383
11.633 6.10034
18.9068 1.1713
14.0648 7.58721
11.3431 2.22602
8.32972 1.17374
17.6946 3.20597
12.4064 6.7391
16.6045 3.84045
7.4752 1.42705
15.2135 0.0903348
16.5575 5.67614
11.9028 7.65923
1.68401 1.04221
5.44755 2.60567
15.7274 3.33048
6.11957 3.27738
17.8814 1.56926
9.10489 0.801416
7.4807 1.74841
8.8345 0.978729
8.81924 0.42085
14.4896 3.40464
12.4137 6.87857
15.8428 3.40617
15.2062 2.35115
12.125 4.66964
7.60094 4.02692
16.1321 4.073
11.3529 1.37791
10.1596 7.22068
18.9648 1.42705
0.415662 0.146489
2.66671 1.03702
13.5618 2.96854
15.0529 8.10266
5.44816 1.50182
14.3162 9.4705
7.88965 3.52977
17.2381 4.51033
11.2693 2.7955
7.85058 5.056
12.0597 1.23753
8.75027 2.85867
10.4068 5.85314
5.06241 0.762352
9.51628 6.24958
15.4051 1.47374
6.05731 2.97555
9.29594 4.05225
12.0334 3.5963
12.2385 4.4087
10.0308 0.785241
8.14356 2.90048
11.7319 6.9509
14.9736 1.85797
16.3561 5.17472
13.2908 2.82357
14.7557 5.26322
5.30045 2.84127
3.71593 1.08341
11.1338 2.34138
11.1063 4.50514
11.8534 0.762963
14.763 5.17624
16.5557 4.45051
14.0941 0.438246
12.9789 4.00433
10.7553 6.27644
6.41011 4.49446
13.0894 1.21006
8.11609 2.10364
7.48375 3.77209
1.02481 0.515152
1.49663 0.0418104
12.9118 8.56441
11.915 3.29264
15.4344 7.21885
13.7748 3.79437
11.9785 4.38887
7.27317 5.06851
14.8369 3.01035
12.7543 9.0289
10.2969 3.97351
8.43959 0.979339
14.8582 0.759301
6.89413 2.94961
11.821 2.09021
13.3763 6.14795
12.9215 6.93594
12.985 7.85852
10.2103 1.14811
14.9797 1.74718
8.09168 2.18696
13.809 7.57225
12.6688 3.26029
9.8941 4.41969
3.23496 0.535295
10.347 3.30973
6.51936 1.5186
11.8387 1.25706
3.62682 0.664998
5.9859 2.52632
13.4684 2.80709
17.6891 0.790124
17.5225 3.30607
16.0173 2.70119
11.9803 7.30674
15.0841 8.06482
6.21296 0.994598
9.63652 3.90515
11.9187 2.33314
8.90408 2.69448
4.1792 1.95074
2.49825 0.59389
16.6076 3.50261
16.3659 4.45723
3.64696 0.309763
17.3821 2.75887
5.58245 3.73486
14.0574 7.77367
8.83389 5.75579
10.9879 3.89599
13.4068 9.51628
14.8314 6.85263
6.67684 4.20667
12.6994 7.13736
7.48619 0.159612
15.5797 2.51778
11.9364 5.35081
17.7496 2.51991
12.4686 4.24085
19.4592 0.835597
9.72686 6.61367
8.19849 1.22257
10.7675 0.0625629
12.5278 4.57717
10.5484 1.58666
8.22169 5.76128
14.6312 5.61296
4.89029 2.54555
12.7604 3.4846
13.7584 9.73479
11.3669 3.74371
16.2127 1.00406
8.73501 0.746178
8.70693 4.21216
8.60317 5.5916
13.8914 3.11777
12.9435 8.04163
3.42845 0.719932
6.23432 4.2204
12.9521 3.75866
6.52913 0.615253
11.5769 1.43132
17.9974 2.08014
13.2231 0.8417
16.5844 2.13477
14.3535 1.88635
9.22514 1.78137
2.98654 1.92053
14.5958 0.148625
5.53728 2.02887
11.937 4.74471
9.47661 4.12824
7.2158 1.21281
9.15616 4.68459
9.23185 0.0537126
12.2721 6.6924
11.2827 0.863369
4.45387 2.33283
16.7217 0.0738548
10.1144 4.75387
14.8857 0.155644
10.3195 6.39882
10.7566 2.52083
12.9344 6.52852
15.4692 6.52669
12.2745 7.71966
13.0876 1.84271
13.8676 4.4615
9.83612 6.58834
8.05383 5.39018
15.8318 6.11652
9.14701 6.12659
9.90204 0.722373
8.99747 4.32661
6.17573 1.92694
10.9311 3.40739
5.4677 3.82794
16.5105 2.83517
12.4381 8.13898
12.6829 3.2606
2.39265 0.870388
17.9522 1.41575
11.9706 5.79638
6.12262 3.41929
6.41377 4.16425
13.2316 9.43846
13.9933 1.56987
10.2499 0.579852
14.0422 0.778527
1.53264 0.51149
13.3537 3.4019
16.6021 1.16764
13.0235 3.73821
4.42946 3.03781
11.0892 6.27461
9.59929 5.68865
14.8125 6.70095
7.51732 3.28227
5.88275 0.560015
13.2524 3.8255
9.09024 4.89944
11.6984 8.31965
12.6072 8.71822
12.6286 3.79803
12.7311 7.68273
14.2149 8.51283
7.79321 1.18778
14.5238 5.3676
13.1077 8.02332
16.0906 2.06854
8.73196 5.63677
17.0824 1.06021
12.1622 2.94046
11.9443 0.671407
12.6371 1.75817
16.8981 3.89142
4.76638 3.36283
6.63533 2.99173
11.4042 6.33381
2.54158 1.60131
6.52669 1.07395
14.5408 2.96487
13.159 8.09809
3.75256 2.51076
14.9535 2.25898
16.3445 5.31907
13.0705 4.93057
17.1374 1.3123
13.4251 0.805689
13.4642 4.48225
17.8069 3.03934
3.84472 2.33711
9.60417 1.46306
3.65001 2.41554
4.96963 1.14383
6.62008 3.21177
11.7368 6.96738
13.9769 8.54946
11.8546 6.08722
8.4286 4.44166
14.1704 0.51973
14.1862 8.82717
16.0186 6.0744
7.4984 3.99579
5.85772 1.58452
11.6623 3.1901
7.24387 2.31025
19.2969 0.994293
2.33711 0.131535
6.82943 2.16376
15.7897 6.62008
16.942 3.56944
7.61681 2.51564
15.645 6.8508
4.43678 1.85675
15.2763 0.0341807
10.9378 1.62328
10.2927 6.47084
9.82208 0.137638
8.90408 1.61779
9.03104 3.47179
12.3045 6.97867
0.704367 0.302438
11.5537 7.36015
10.5557 5.80218
14.7826 6.47908
12.772 6.02741
2.79183 0.278634
7.875 1.47221
8.22169 4.93362
15.6932 3.17454
12.5333 0.879849
11.5622 4.62172
14.5573 2.85806
10.2927 5.13199
6.65304 0.552995
16.4537 3.87585
9.59075 1.71789
17.4358 3.68694
16.1119 0.571612
10.5014 6.99698
12.2172 2.33985
17.0739 0.128178
5.44572 3.50475
9.77691 5.85284
7.40379 4.6617
14.8973 2.27851
18.67 1.3538
14.5042 4.13678
14.5079 5.15671
13.7919 4.70809
15.8086 3.55113
12.5193 6.59719
6.60726 1.13498
7.86767 2.28523
17.2082 1.67943
19.1821 0.217292
6.50105 3.91919
9.49797 2.64443
6.36372 1.10172
14.8064 5.71337
18.3923 1.74566
17.503 3.97351
7.45628 0.872524
14.4023 8.96939
8.58058 2.79244
18.4478 2.35389
12.7836 7.87591
14.4896 3.85205
12.1165 7.19047
14.1118 4.31837
6.65304 0.959502
15.9001 0.722678
11.8699 0.424512
18.847 1.48473
13.7028 9.72625
9.91241 5.8034
7.3336 1.86193
9.95819 0.726646
10.6778 3.26243
3.04453 2.07007
10.3592 4.38215
15.3465 1.40019
2.76009 0.589007
5.24247 1.23447
10.4111 7.04062
11.5116 5.55712
14.9748 5.16923
16.0363 0.642415
10.4306 6.76809
10.9726 5.07553
12.9093 4.74319
11.0184 5.7213
7.08945 3.39366
14.5299 2.14545
16.7748 0.515763
9.39238 5.35325
14.6391 0.511185
12.277 0.285348
9.21537 4.75784
18.1103 2.8428
14.4786 7.62597
19.1723 0.373547
9.8294 4.85336
13.0705 5.44725
12.9637 6.13514
11.3956 6.06738
17.8259 0.130009
14.7386 7.52403
5.61296 0.630818
11.9541 8.11151
15.6706 7.09525
2.35298 0.325632
12.5517 0.974456
4.88235 0.27192
14.7801 0.336314
1.87384 0.9476
15.8641 2.70394
14.019 0.416883
5.43596 3.02408
12.2202 8.71578
12.0237 3.6024
5.87054 1.99622
13.646 3.90667
6.45344 2.24372
8.75149 0.913724
12.0969 0.747703
1.12247 0.316477
11.2223 3.79589
9.56755 5.95874
16.7681 1.04648
12.3862 5.35905
16.4507 2.06397
15.2886 1.38676
8.67092 1.80639
8.26136 4.99405
15.515 1.8189
10.6076 0.86581
13.5923 5.76952
13.0345 0.0756859
5.04776 1.50884
11.9028 1.1713
12.656 8.73562
16.1852 0.516984
12.8855 7.55943
14.1105 6.45009
0.712302 0.151372
15.7213 3.5432
9.90509 4.79781
13.4617 4.15815
8.60744 5.27116
14.1917 5.61876
13.9964 4.33271
8.38404 1.55675
12.5095 2.43355
5.29679 1.48412
17.5799 0.101321
5.57756 2.8431
18.7597 1.52074
18.5864 0.0454726
1.23051 0.321665
4.52284 2.34199
7.32871 3.98206
11.4371 1.36814
16.3787 2.95511
16.7156 1.89093
6.53035 1.68615
16.2737 1.08188
12.8202 2.68746
10.7566 3.96191
1.07608 0.00183111
8.75393 4.02295
17.1258 4.13343
11.9614 1.37822
15.0346 1.65136
8.46522 2.43446
7.79138 1.31932
17.138 0.0714133
10.7535 6.32466
17.9589 1.25431
14.6611 4.95987
13.6235 4.86373
2.80404 0.146489
13.723 0.787988
13.3726 3.75835
13.3024 2.57942
4.58754 2.38929
4.34217 2.01025
13.2206 7.74926
4.28663 1.01047
13.6192 1.56163
15.6127 1.72369
12.1836 7.96136
13.9 1.28819
16.4245 1.66051
13.4794 8.40266
9.91424 4.54543
3.69274 0.530412
9.4705 1.20853
11.5903 7.89941
16.3359 4.74258
13.0088 0.877407
14.7246 7.9635
11.8491 0.886868
9.11832 5.78265
12.3447 5.22385
11.4847 4.21216
11.3639 4.56648
10.1834 5.47105
11.6581 0.0885037
10.0998 2.78054
15.3075 7.25944
10.7187 1.32694
15.8544 6.05487
15.6304 5.24033
7.50755 1.72063
14.6275 6.97928
5.52507 0.275582
11.6514 0.347911
12.6914 3.69732
14.3461 5.54308
13.2841 4.88784
16.5538 4.0846
17.448 1.70995
10.1328 1.90039
11.9858 5.96057
2.63009 0.485244
11.4707 7.77184
17.1258 2.33497
14.1258 0.432447
15.0969 5.58672
15.7115 2.65358
12.3472 8.68374
13.018 8.27113
16.7211 3.69823
14.8375 0.0796533
16.8896 2.30903
17.7728 0.860317
14.019 0.0222785
7.55455 4.14594
6.37837 2.75857
11.0978 7.46391
7.45933 3.35887
9.74212 3.88684
4.49477 1.30772
11.2058 1.58544
9.0585 4.01227
19.2962 0.540788
5.96759 2.81259
15.5553 4.31074
13.6265 1.6773
17.4035 0.448012
17.4737 2.32429
8.17347 2.56691
13.5923 7.18406
11.0819 0.671712
10.1706 5.42314
11.7637 0.299081
9.4998 4.58388
15.5187 6.15375
8.70754 3.17209
13.6973 9.02676
10.8329 0.616169
14.984 7.69646
9.63713 4.55641
14.3168 6.1916
14.3022 3.19742
7.96228 2.76559
14.8143 0.188604
7.94153 2.76742
5.07157 3.24717
10.7987 6.14338
13.7516 4.47127
2.49275 0.415662
15.0768 1.33793
14.0336 8.03003
10.1822 5.92364
10.842 1.81768
7.66137 2.61849
18.5846 1.1063
11.9333 3.53893
9.83673 5.75396
10.4996 2.60445
6.89169 1.60344
14.0696 6.2505
12.523 3.45531
5.03555 2.98349
9.74883 5.60228
16.7266 5.44359
10.5637 4.43403
15.1073 7.69219
7.70837 4.80544
13.0955 2.25135
10.8774 5.7796
8.79055 5.54613
16.7223 4.3321
1.55889 0.109256
10.9488 4.72213
14.0159 5.2147
3.78613 1.62786
8.45302 4.13526
14.5042 6.96341
9.44243 6.58193
4.87808 0.0555437
13.289 2.66335
1.33732 0.66744
14.0397 8.73653
13.6204 1.29398
1.81707 0.331736
11.4109 3.16111
14.2027 1.68615
10.9574 7.39036
8.41212 2.68288
11.4982 0.25544
14.5982 0.0155644
11.0947 0.575884
15.2147 4.20057
8.49208 0.977508
12.302 1.61016
12.0756 4.10443
2.26447 1.05258
14.5805 4.74929
11.348 7.38456
10.0266 0.306101
11.0196 4.78988
13.1657 5.28275
13.4196 1.68004
12.3075 0.66805
11.2406 3.22214
8.41823 1.36998
7.67785 1.34556
1.96661 0.347301
13.3909 1.80822
13.1468 9.24558
7.18528 4.55336
16.0356 5.90503
15.4314 1.79479
8.84793 1.40294
5.33341 3.30302
14.4462 0.497147
17.929 0.830714
9.32646 1.56468
16.2926 1.70598
8.89248 5.91449
10.7047 0.0958281
18.7017 0.782495
6.33259 4.24757
16.3793 4.23933
8.33522 4.80331
7.98059 1.10508
11.0959 0.496536
13.9952 7.8164
13.5984 6.83615
13.7156 8.13074
18.3551 2.70425
12.8532 0.709555
18.5089 2.03253
11.3669 2.10791
11.3938 6.35853
10.0882 7.10807
9.3881 2.96793
8.57631 4.46547
12.2306 2.41371
3.60424 1.49541
11.4225 7.56584
13.5832 4.76485
12.3984 0.182806
8.46278 5.7326
13.2542 9.32798
9.24467 5.28275
12.1476 3.53862
15.5559 5.47136
9.51079 5.57482
12.4314 8.06024
17.4706 0.674154
9.6878 0.0903348
9.69878 1.12369
19.0197 1.13742
15.6523 3.38755
13.0778 6.38264
15.0932 1.2009
12.1982 6.9219
7.20237 4.02539
15.294 6.62435
17.6196 3.39305
11.5012 6.77511
10.2976 3.47484
2.68441 1.0651
13.3012 3.14646
12.7158 6.25843
8.0166 2.39509
15.6896 1.43406
13.3305 2.02704
14.3516 5.89099
15.3697 6.03839
13.383 1.97394
11.5415 2.10211
9.95453 0.639058
12.2007 1.45573
15.8818 2.52419
13.1492 6.27216
13.5923 1.08402
14.2387 1.15757
11.8503 7.83349
12.8312 8.77865
13.5746 0.00976592
18.4112 1.35075
14.6812 7.74834
2.28401 0.327769
5.43291 0.836512
16.9481 2.6191
17.7599 0.875271
9.33439 2.60231
3.15622 1.23539
18.3209 1.93335
17.1148 1.44841
13.419 7.45933
11.2125 4.991
10.6296 4.04187
16.7425 0.0366222
15.0377 3.31553
6.00482 2.47871
14.1118 6.5096
13.9738 8.85769
17.7606 0.281686
7.369 4.06262
10.0717 3.50444
11.6068 5.18143
10.1108 5.91449
6.74825 1.44658
9.9588 4.19294
12.5803 0.495315
5.23331 1.23661
15.6853 3.37718
14.9376 7.84906
10.7724 6.58925
4.80972 3.02652
14.2363 9.46013
10.4941 5.00046
12.3338 5.81622
18.2733 2.22816
12.3148 4.008
4.59609 2.85257
14.1166 5.40391
13.5441 0.575579
13.6564 0.950652
5.00443 1.4713
7.09128 0.665609
13.137 5.17258
2.24067 0.902127
12.6249 2.38258
12.8147 5.57115
11.0685 4.78011
7.23594 0.617084
15.0072 4.83779
14.2936 0.461745
10.51 5.26963
9.38688 1.03427
12.2562 8.1991
11.1148 4.20545
18.197 2.89254
13.715 2.3011
6.46321 1.63762
14.9791 7.07877
12.3441 2.73049
14.0007 4.58449
11.0623 5.43535
13.1327 5.27177
8.61904 4.68337
19.1357 0.686361
14.3175 6.70919
10.2713 5.40391
10.2493 4.92447
15.6871 6.09088
6.90939 0.685141
13.3372 3.62224
13.4587 4.88662
13.5539 9.19279
14.2985 6.50624
7.35496 4.05713
12.8233 1.46123
14.3895 0.682699
13.5655 3.63292
5.75152 1.99744
5.77593 0.425428
14.5207 3.19437
13.4751 5.09323
9.017 0.677816
12.4223 7.08975
10.77 0.417188
13.6894 7.65496
10.5979 4.85733
9.13602 2.67464
8.89187 2.43568
17.647 2.78359
13.5893 9.60173
14.3419 3.19407
11.6288 5.81896
14.7978 7.30674
12.6969 1.91229
14.3193 1.3834
12.8715 0.356456
17.904 1.17283
11.6385 2.26234
7.70348 5.12955
18.2421 2.08747
15.2501 1.57476
7.70226 2.378
12.0542 5.57085
11.8607 1.48717
13.582 1.68645
6.40217 4.13739
9.5175 0.6592
12.2373 2.04047
3.43577 2.24342
9.23978 4.53719
8.73562 1.00375
18.1402 2.56264
16.5899 5.13108
12.4735 1.79205
10.7181 3.75195
8.79482 2.42378
10.1816 6.73055
13.1773 3.13089
1.10782 0.587176
16.447 3.17423
13.0723 1.43162
15.8623 1.49144
13.5704 2.52724
13.5893 5.42405
17.4493 1.095
13.4965 2.13355
11.5659 3.7376
11.1197 6.4391
14.2808 4.76638
1.31962 0.58504
16.6497 2.01971
9.93316 4.00555
16.6466 0.845668
3.57433 2.31727
13.7461 6.50105
9.59502 3.73241
13.7107 6.55965
6.81173 2.54463
15.0572 6.04053
17.304 3.77422
4.68825 1.39866
10.4245 0.0347911
12.0359 3.71319
13.787 5.83392
7.44407 0.867336
2.23945 0.889615
15.9099 5.95019
11.0233 2.95969
13.8023 7.17185
13.6668 8.71456
3.5316 2.21351
8.94375 0.307321
13.8041 0.930815
16.9652 0.169988
14.6208 8.59157
7.41783 5.27604
6.80868 4.76485
11.4975 5.70147
4.22987 0.823695
8.34315 1.98706
14.3309 7.96411
14.2857 7.07572
7.92993 1.87597
13.8694 6.52638
3.10129 0.60152
18.1872 0.0448622
8.3462 3.70647
11.5091 3.4608
12.805 1.55919
13.9695 6.77755
13.5044 5.65844
13.5594 1.90191
4.58205 2.31056
13.5398 2.82235
13.2511 8.77987
6.26545 2.98776
10.6351 4.88632
13.6424 2.09632
9.14029 6.09394
16.7931 2.77596
10.3879 6.93075
11.4512 3.19163
13.2212 3.33659
16.964 1.30985
12.2025 8.71334
15.5858 0.17365
8.84365 3.10495
17.3437 0.954314
15.045 0.39552
9.5938 2.62978
5.6032 2.266
11.9199 7.53777
12.2654 5.99384
9.34904 5.25163
6.50044 0.743736
13.516 9.33805
12.8135 5.75091
12.2813 4.485
13.3146 7.08365
12.4308 2.94717
6.57308 1.02939
10.839 2.6899
4.71694 2.08472
1.2421 0.30427
17.271 2.76254
5.83697 3.99243
8.93643 1.23875
1.79754 0.513016
5.98956 2.92062
4.00464 0.26368
15.4106 7.46788
13.5911 8.24091
14.2521 8.58608
7.15049 3.70678
14.594 2.35084
17.5091 1.07761
4.35865 2.91849
17.5951 1.18137
12.0664 4.27168
13.9183 0.479141
19.032 1.52013
3.92407 0.59328
16.9524 1.19266
17.0721 0.120548
18.4893 1.07364
10.2902 0.878018
16.5093 1.08463
13.314 5.92914
19.2901 0.9888
14.5122 4.46577
13.5881 7.95221
12.9008 1.3303
13.4269 7.50237
12.5761 5.57176
5.62883 2.45979
8.87417 5.66332
11.6355 2.93252
13.2408 2.15461
15.3954 4.97482
15.9532 4.0553
13.6253 1.82562
11.334 5.31327
12.056 7.2808
12.6572 8.65322
11.6099 1.24638
14.4218 3.10953
17.0794 2.49367
12.0518 5.86169
4.88174 0.107425
13.6113 1.7774
17.033 2.35603
3.7019 0.159917
10.7663 5.25529
12.0829 6.39576
15.811 0.0872829
8.14844 5.52965
1.74322 0.851466
18.8525 0.202033
16.917 1.91107
3.92407 0.361339
10.3415 7.06961
3.75988 0.592059
12.0695 6.9393
8.1283 4.46577
6.48152 1.30467
14.7118 7.57012
1.0773 0.148625
7.19199 1.6715
12.1903 0.911893
10.17 3.03751
7.4752 5.04898
19.2383 0.0228889
13.1144 8.65322
14.9199 0.184027
12.584 4.98611
6.55171 4.0144
8.13501 0.334483
19.7107 0.443739
7.75658 5.01968
12.4747 2.52022
17.4181 3.16874
8.50002 3.26609
8.57631 2.88125
17.8277 2.47078
13.1559 1.41942
10.2823 2.2425
8.15821 1.93365
9.82513 1.44139
11.6587 0.538347
11.2961 5.23942
14.2277 0.167241
7.46666 2.88827
8.48048 1.05289
11.2339 7.40501
10.5295 0.0210578
4.75173 2.1662
13.0888 1.02481
18.0779 2.28339
7.86523 2.26051
15.0523 1.95685
13.8835 0.276498
9.66094 4.88418
16.6759 3.11075
8.96939 3.14249
15.1091 4.07575
15.0053 6.46687
4.37147 1.15482
14.0416 5.87176
8.76186 0.477309
7.32688 0.805689
11.9761 3.43944
16.6778 2.48177
9.29777 3.41624
17.1966 4.14747
14.1252 0.305185
15.1573 0.862758
14.0757 4.72549
15.3117 1.58971
14.705 2.19031
5.87298 2.10364
7.99219 0.475173
3.58409 1.14048
9.28251 5.36332
16.3604 5.20249
13.9866 2.92398
4.49599 2.68624
16.4293 0.842006
7.07785 0.31373
10.4898 6.76901
10.2438 4.07239
7.9696 3.8905
14.3333 5.39048
11.9993 5.57543
11.8699 7.79656
14.4078 2.41798
12.457 2.15522
16.0302 3.4547
14.1435 4.66903
13.5228 0.144047
6.16535 3.80932
17.7422 0.312204
11.6214 7.75567
15.7677 0.757164
17.4303 0.578326
14.1813 6.69942
6.53584 2.9606
9.45463 0.569475
10.6229 5.79363
11.0752 7.47703
3.44249 1.12064
9.13053 0.175481
8.89431 2.6606
13.444 5.59465
18.6358 1.59368
9.67986 4.44533
10.0345 2.14393
16.4293 0.711081
13.8273 4.7853
8.14234 5.49211
13.0979 4.50117
11.6031 4.94613
14.8357 1.08982
12.6072 1.55766
18.7133 1.53996
8.91018 3.69549
15.7463 7.07999
13.8603 1.89795
15.3075 0.765099
13.8414 8.66359
10.4318 4.53749
10.4575 7.19657
15.5577 7.02353
9.38139 6.12384
3.20383 1.59185
16.6802 2.11493
16.1425 5.51042
14.8912 4.28724
9.98138 5.0267
12.6133 2.7018
11.0984 4.82833
13.5301 6.91977
10.5173 3.63536
11.6709 0.201117
12.5694 3.83038
15.0053 7.37602
1.25431 0.633564
11.4743 1.38859
13.9067 1.64678
15.2263 7.28446
11.1911 6.704
15.388 4.80239
13.2994 6.76077
13.845 4.86557
12.7226 2.4778
15.1708 1.08402
3.07993 0.0653096
3.12326 0.596637
18.0511 2.84646
19.2132 0.999481
15.548 1.67364
16.7693 1.09195
13.9427 8.27387
9.30448 4.51704
6.69576 0.30427
14.8363 6.2682
9.78118 4.45753
3.19346 1.22868
13.9836 9.82299
13.571 2.94168
16.2023 2.45674
5.83453 3.37016
16.2127 3.57097
12.5932 4.64888
17.5213 1.73986
12.8874 6.49892
5.11429 2.07587
5.75701 1.96173
9.40153 0.143132
17.6061 3.9317
9.7055 0.48677
2.86813 0.918302
5.2736 2.35084
12.2495 8.21833
10.7077 3.51024
12.0627 4.38856
11.7747 3.68572
13.0265 7.26646
13.1883 5.36271
13.5044 4.39528
5.8449 2.69997
13.0216 0.824305
14.6239 4.14869
11.9687 4.70473
14.1331 5.79363
6.05976 3.50566
6.43025 2.60414
12.6316 5.23515
13.2694 6.41346
9.58037 2.59194
14.3632 4.05255
5.29496 0.854213
8.82168 3.75744
14.0605 4.18561
5.34928 1.23325
13.2371 2.92032
3.28501 0.0503555
12.0634 1.91351
12.3588 3.0842
16.9207 3.91034
14.9504 6.90329
16.466 5.6914
6.21662 4.07361
10.676 6.57216
11.3639 2.42714
3.99854 1.06204
10.947 4.19263
13.8102 4.86831
12.0975 2.62093
12.0548 4.20789
4.77004 0.18189
16.4489 5.56108
3.44249 0.303964
7.26707 0.607013
9.07437 1.34495
14.2216 8.305
7.01987 2.03864
19.574 0.107425
10.4868 3.19864
10.5039 2.79427
10.0003 3.74279
14.4688 6.83554
10.2091 2.18116
12.6872 1.45482
12.1952 2.56722
11.9687 0.197455
8.19666 2.73537
12.8666 0.683615
8.79299 2.2074
16.5673 5.13779
7.00461 4.1026
9.7702 5.40117
5.81683 4.09375
13.7736 1.58849
12.4723 3.04086
16.3396 2.31391
16.4202 3.0546
13.5099 6.24287
9.23124 5.52629
14.8033 8.53633
9.87213 3.25297
8.84426 4.61531
13.4861 3.30699
13.1303 7.56279
16.7656 1.10141
8.41823 1.29307
16.2474 0.0338755
12.0457 3.53618
15.277 1.16092
8.89431 3.20109
12.8349 3.74126
6.62435 3.04697
11.6398 3.26518
11.1783 0.18067
18.1304 0.620746
15.537 6.56056
14.8888 4.12122
15.562 5.70605
15.7598 6.26698
12.7775 8.54732
8.7582 5.3267
12.1091 1.45482
5.23087 1.71148
15.4021 1.86682
4.12488 1.10599
13.9085 9.86358
13.2115 4.47676
16.0979 6.33869
13.4391 0.925932
8.64834 2.65328
14.727 3.33445
14.9083 1.26164
18.3508 0.0958281
11.4512 3.63384
11.63 1.72185
17.8112 0.631428
9.08902 5.9798
13.8151 1.67913
16.8194 0.732444
2.59896 0.843226
18.2873 2.6487
9.35759 6.44398
16.7711 3.00851
13.2798 0.977203
13.4526 1.80334
12.0377 7.61467
6.13605 2.11341
11.843 7.55058
8.90835 4.16639
14.9413 5.83026
1.96295 0.0479141
17.3132 2.29591
14.6275 6.45985
10.8072 7.48833
10.6034 2.21229
15.5315 5.23331
12.9948 8.55342
18.7146 1.22715
2.49947 0.978118
14.6446 1.95013
6.68538 0.0943022
9.01639 4.61959
14.3034 7.18284
7.96594 3.74615
14.3175 4.88296
9.23429 1.3184
9.26298 6.05701
16.0302 4.76913
8.39442 5.05997
8.30775 4.22193
9.13663 5.62243
12.44 7.78954
12.1561 5.04929
11.6861 1.29337
8.03797 3.43333
14.1643 3.05338
16.5563 3.47148
9.76409 2.05756
9.92462 5.97522
11.7307 2.09052
18.1536 1.49846
15.9899 0.517899
9.77142 0.918912
8.67092 2.24708
5.38408 2.30995
0.647603 0.0277718
10.839 5.77532
13.4758 7.73766
9.10978 3.37199
7.03024 2.33955
11.9791 6.01367
14.4664 2.47047
17.5921 0.878018
3.2728 2.07282
9.54314 6.60421
13.3268 3.89721
18.0877 1.47313
10.1364 6.14063
7.51549 1.54393
11.3181 6.08631
10.1498 5.20188
16.9897 0.0650044
5.99078 0.00488296
5.77715 0.992157
16.4415 1.00894
12.2501 3.50597
10.2524 6.21906
9.57793 0.725425
9.34904 2.74331
13.0027 9.20164
12.7055 7.91528
5.18143 2.7604
0.739769 0.192267
13.5014 2.06061
13.9805 7.17765
14.9358 3.11411
8.88455 2.30995
16.3701 2.0249
7.1865 0.506607
2.55928 0.00824
11.4414 1.73345
5.43535 2.28034
4.58205 2.42897
15.4228 1.15818
8.89615 1.21677
9.7 1.40294
13.1352 0.0561541
14.5756 3.56944
5.17411 1.56926
5.28886 1.97089
19.3963 0.863063
11.3608 6.40889
4.52406 1.22715
15.6798 3.23496
10.2048 0.699789
15.2898 5.42772
13.5618 4.02081
14.3742 1.67669
10.6003 0.977203
11.6453 6.10126
8.97916 5.6502
12.3911 8.4698
13.8847 9.56023
14.0294 9.93957
7.22373 1.5952
9.95636 2.60933
8.32118 5.20676
16.1461 3.69213
12.2452 7.26829
9.94781 4.54207
6.06159 1.00436
12.9099 3.64238
11.3639 4.24024
6.16901 2.34321
8.2815 4.18226
12.5138 5.91998
5.73748 3.40251
10.1553 2.97311
14.5543 5.13504
10.0223 2.837
18.5058 1.0361
8.07154 3.86975
1.86163 1.25126
13.845 6.78365
12.7708 8.1576
12.4424 5.42039
1.57781 0.568865
12.7586 0.00915555
7.14682 1.64129
10.8017 1.06693
8.25465 0.926847
14.0489 9.64843
10.2194 2.86111
11.3785 1.58788
15.6944 0.889004
14.9327 0.71749
9.5645 3.99792
17.0458 4.22895
13.7638 1.7716
14.135 0.753502
13.3103 0.488601
4.6614 2.24647
14.2589 0.24659
15.266 0.15656
14.4993 5.81286
13.629 3.98389
12.4125 0.589007
5.1326 1.42918
9.88678 5.63005
0.534684 0.105289
5.62639 2.61055
12.7256 0.136418
10.4276 7.35527
13.2102 9.19095
6.70553 1.33518
4.61013 0.673238
7.34214 5.09293
15.8263 5.75091
3.19346 0.801721
15.255 4.58632
8.26563 1.03427
16.5465 4.03058
10.8499 6.97501
7.56981 4.92111
15.4051 3.61553
6.62984 1.61657
10.9891 6.7568
14.6068 0.895718
4.65224 0.706198
12.9179 5.11185
3.343 0.54445
9.88922 3.66253
4.78408 0.0750755
13.3177 7.70074
10.4563 4.24024
6.81906 1.67333
12.9203 1.32328
11.8125 4.69344
11.1252 1.7478
14.2894 3.2429
13.693 4.07819
15.7927 4.3199
13.6265 4.68154
7.75536 2.74514
14.3992 4.391
9.95514 0.263985
15.3465 7.41356
5.49699 2.79672
11.4109 6.93533
1.95379 0.461135
19.1937 0.350963
6.87948 4.79568
16.0894 6.41255
6.91733 3.50047
1.72063 0.678732
12.9539 4.90097
8.21802 2.56783
7.42332 4.32752
9.02432 0.336314
8.21558 2.17475
1.72796 0.594806
14.8381 3.59874
10.7437 2.17658
3.20505 0.796228
4.6736 2.20038
5.7796 2.97647
4.90677 1.69683
13.5496 8.84426
7.65587 1.83905
5.36332 3.60332
2.35542 0.274361
13.3238 8.82687
12.5541 3.31584
10.7083 0.804773
17.9241 1.67333
17.8356 0.594501
15.9764 0.819422
9.61577 4.18653
9.07193 4.33546
16.9634 2.14209
15.327 2.19031
14.528 3.77209
11.5854 4.65011
11.9297 2.35969
10.322 6.79067
17.1477 4.29365
8.68007 3.21482
14.7935 7.44652
16.1486 4.9266
11.7045 4.30616
13.7779 0.145268
13.3671 7.92596
14.5763 7.95709
1.23173 0.843226
7.88232 3.12571
11.3602 6.06861
12.6951 7.59239
8.9462 1.37394
9.74212 6.28712
15.5968 6.54836
7.16819 1.0828
6.81784 1.31382
15.2739 4.07758
4.31898 2.27729
8.20399 1.28788
12.5163 4.0083
11.7893 6.71224
11.4841 2.64138
16.5477 4.7438
7.67174 2.00446
6.61641 0.534989
9.46562 1.62969
12.1934 1.33824
15.6438 6.69546
7.50389 2.26936
8.43471 4.68123
9.79705 3.65337
6.44917 0.378124
13.7553 8.82656
15.3136 5.0792
6.60665 0.57741
2.52327 0.997345
1.40446 0.685751
17.4944 2.60598
8.69045 2.35817
8.18506 0.177618
14.4621 7.62078
18.161 1.85675
4.61196 1.94342
9.68413 2.53853
10.2915 0.219733
12.4656 7.04123
10.8267 0.888699
9.60479 0.521561
2.95358 0.964995
15.0108 1.28452
17.6421 1.37761
2.47261 1.51036
8.78079 1.69652
9.92706 4.55977
16.9073 4.79263
17.0141 3.79467
10.3891 2.58492
10.416 0.704062
14.8265 1.6541
17.8942 2.6603
4.70779 2.97433
14.2112 1.648
14.0934 4.02264
7.37815 4.12946
12.548 0.435194
16.386 3.11655
5.28397 3.17545
5.60991 1.01047
10.7913 6.42109
15.9429 4.72671
8.54152 1.52318
8.10511 2.18085
16.3958 5.91021
19.165 0.847499
14.152 2.70699
9.3936 1.58635
6.94601 0.468764
11.2839 0.795312
9.9826 3.78704
14.8381 4.21461
5.01297 1.33488
18.1689 0.18189
13.9134 5.19425
5.29984 3.06101
14.8515 6.96799
14.2955 5.04715
12.9173 0.619831
13.5429 5.94012
16.1943 0.159612
5.25407 3.57494
13.8383 2.42286
18.2592 0.746483
6.58467 1.72002
14.0831 5.93646
19.4641 0.00488296
14.8057 1.75665
10.4447 5.81561
14.7935 3.40709
11.2168 5.82141
14.3773 4.70077
4.66506 1.45848
14.2479 1.52257
15.1488 6.37684
16.9506 4.23688
11.442 7.91101
14.7661 3.25999
8.47987 2.18329
11.6642 6.96432
3.53465 1.76519
4.51979 1.0184
11.6794 6.9277
10.9598 3.96008
4.70901 1.93121
10.2554 6.14063
14.2973 9.41954
4.28541 2.08563
17.2997 2.52693
14.6702 0.208441
9.6939 0.699179
16.0436 3.64849
2.67464 0.86642
9.00662 3.48949
12.9777 4.29151
15.4759 3.17576
13.6143 2.06915
9.67925 4.77981
6.08173 2.71981
9.11588 1.43406
7.18101 3.89904
13.7681 4.70962
15.2245 1.35655
10.8109 7.1926
11.384 6.63472
10.8316 6.44612
19.2523 1.09378
7.42332 2.66823
11.0245 6.13605
13.8188 1.31748
12.3655 0.256661
4.93667 1.92206
4.25245 0.324412
18.0999 0.234687
3.60912 1.07028
17.514 1.16855
4.06323 1.72552
17.4303 2.50557
15.7274 4.27259
9.57427 5.56536
7.69433 4.1673
12.2776 6.36647
14.8961 3.3375
14.0367 5.103
8.04895 4.50606
12.0139 3.61858
13.1681 8.85556
15.6627 0.657064
