8.54476	12.7541
-7.63811	-13.5719
13.307	8.05853
-8.80966	12.2568
13.4129	4.61141
13.4642	-4.1756
-13.7009	-11.0485
-10.3683	9.62316
13.0925	-6.47084
13.7778	6.57595
10.887	-13.2574
11.4775	9.29673
-13.7351	4.04999
-13.119	-7.7586
13.2164	-10.552
13.3395	-6.6332
13.7471	-12.2243
11.4792	10.8528
-10.17	-12.9985
8.65413	-12.7755
10.728	9.12668
9.536	-11.4971
-9.31211	12.8609
-13.8103	11.3442
13.5864	-5.27195
13.6069	-13.1113
-13.0634	-6.3307
13.1891	9.4514
13.5898	-3.74322
-12.555	9.53429
-9.60265	13.4463
10.9425	9.74364
-12.4431	-9.39756
9.53258	12.3986
-11.6808	10.6041
9.27879	10.7733
9.11899	12.6413
12.0842	-8.85409
-11.733	-10.6597
13.7394	6.1709
12.8635	13.0788
-11.8825	13.2754
7.71587	-12.9387
-12.2927	-12.8515
-7.67229	-13.6625
4.10382	-13.4651
5.79406	13.2053
-12.361	12.6875
-12.5764	7.26725
12.8302	-5.71715
8.95578	11.7851
-2.74087	13.8112
-12.6396	-6.33583
-13.3138	-12.6738
4.18928	-13.671
8.24995	-13.818
7.39628	13.125
-9.58129	-12.5576
-12.8652	-9.90771
-13.7624	-9.02243
-13.9855	6.15979
-12.3234	-9.18052
-8.31574	-11.492
-12.6798	11.3587
4.82162	-13.3326
11.5296	-11.9799
12.749	10.9323
12.3551	8.40632
-6.1504	13.9496
8.07221	-11.6877
-12.3961	8.86007
-11.6039	12.0167
-3.18863	-13.7949
13.9445	-8.54476
-13.918	12.138
-12.7345	-13.1703
7.44243	13.548
-9.4326	-13.7394
-12.9908	-10.4819
-13.2839	-8.29438
13.6505	-10.1359
12.5986	10.1367
-6.96731	-12.5533
13.101	-6.93057
-13.4232	-5.97693
13.7753	12.2047
-9.86242	9.99658
10.3512	-11.1006
10.5563	-11.1493
8.35676	12.6524
11.8047	-9.40526
-13.2369	-11.7244
11.6843	-12.1534
8.40803	-12.6037
-5.18137	-13.3711
12.9481	-12.4217
9.8009	10.0991
-10.7964	12.3414
8.55928	-12.3337
-12.8336	13.4044
-10.5862	13.5796
-10.7785	-12.7943
-10.0897	-13.4129
8.35078	12.4935
13.2899	-10.2256
7.93463	13.501
13.0506	-6.07093
-10.4931	12.3995
-11.7988	9.63683
13.7881	-12.3627
-8.1363	13.4112
12.0201	12.8661
-5.98206	-13.3685
-12.9413	-10.1273
13.8846	11.8235
-13.2224	10.405
-9.3762	-13.1668
-12.8917	-8.92758
11.5296	-9.33604
-9.59069	13.2241
4.87716	13.6599
-11.0681	-11.5159
12.2209	9.25059
5.76415	13.4078
12.6165	12.4721
-13.9513	-9.36509
-11.8654	-10.9536
9.98035	-10.5409
-8.89169	13.0429
-8.42	-13.8992
8.68148	-13.1318
10.7776	9.10361
-12.0056	10.3999
-12.7165	12.2038
-13.0976	-9.49242
-12.6106	11.2177
9.44115	13.0848
6.89468	-13.5898
-12.4627	7.33988
-7.21854	12.0919
11.8141	8.49947
-13.5317	-12.2611
-13.43	-10.1384
-13.6531	-9.19675
13.7573	11.5236
-8.70028	12.7097
-13.7317	13.4377
11.8782	7.43217
-13.994	-9.01645
-13.2976	7.33561
12.8404	11.8184
10.7229	-9.64537
12.9037	11.4202
-11.9534	7.30827
12.4687	7.17753
12.7909	-7.13224
10.0376	10.9853
12.3952	-13.6847
-10.4683	-11.6492
-13.3924	-5.92651
-13.9368	4.81564
9.54112	-13.1959
-8.01923	12.4576
11.8526	-13.9257
-7.94147	13.8231
6.95364	13.677
11.4441	11.2074
-4.58663	-13.8223
13.3437	7.33561
-11.768	-12.4388
9.51207	-12.3525
12.3012	-6.97928
10.0624	12.1457
11.862	-11.9278
-13.8052	-13.8718
13.5591	-10.4418
-13.2925	9.87268
9.07114	10.9152
12.925	10.452
11.1425	-9.76501
-12.5302	13.9838
12.9789	7.35612
13.6907	-5.82995
-13.8539	3.91754
-9.62316	-11.5022
-11.1092	-9.46593
-8.86007	-11.2203
-4.19355	-13.6915
-12.0568	10.1427
13.8821	12.5345
8.25251	11.8722
8.94552	-13.4651
10.2213	-12.9045
10.8272	8.91903
6.33668	13.3984
12.7746	-12.4473
13.407	4.92416
-12.0978	-13.8248
10.053	-9.96155
13.3036	-9.69066
13.1181	13.7035
12.6926	-10.658
10.0778	11.9534
13.3044	7.83294
11.9765	-12.0585
11.1365	-10.2623
12.896	9.14292
13.5873	10.6238
13.7693	-10.5281
6.82974	13.4386
-12.6926	9.40782
-10.6195	13.7932
-13.1609	10.9511
10.1871	11.1758
-9.65905	11.95
-8.76608	11.4356
-12.4841	6.68532
10.8742	12.2893
-12.2987	10.6828
-13.9385	-4.52937
-12.3909	-12.5969
-11.915	-13.6189
12.244	12.2585
5.95557	13.0703
-11.5749	-8.90023
-13.7701	-12.2149
10.2675	12.9917
6.74599	-13.4343
9.06174	11.5219
-4.89425	13.5856
7.57659	11.7911
5.13095	13.3275
12.0833	10.3495
9.10276	11.6355
-10.6887	-10.7656
11.8295	12.7182
-7.46464	13.1062
9.49071	12.737
-9.56847	12.8242
11.0049	13.0395
-12.0235	-11.8415
12.9507	-8.45418
12.9267	-7.73467
-13.8949	7.25785
-13.501	-7.50053
-13.9735	-12.802
-9.81286	-12.8549
7.85943	-12.7977
13.4241	6.93655
10.899	13.4215
13.5198	-11.316
-10.9289	13.7513
11.5988	9.81457
8.39436	11.4194
-10.5315	-11.2775
13.0327	6.74343
12.6148	-9.06088
-12.6986	12.7276
10.6845	9.83166
13.6864	-10.693
-10.9827	-12.8891
10.1325	12.3662
13.213	-11.2912
-6.30335	13.101
-11.9739	13.436
-10.4008	-10.9451
13.0378	13.1028
10.4341	12.4226
10.1504	-12.7661
-12.8473	-8.40718
-10.464	11.1621
3.6552	-13.5403
-7.44841	13.4523
13.4582	-8.82333
4.884	-13.8522
-13.8539	-9.02072
-10.7768	10.8366
-13.994	-11.8885
8.3072	-12.0611
13.5744	12.126
13.3138	-7.31596
10.928	11.5851
-10.4623	11.6868
9.3386	-11.6492
-13.548	9.6317
9.36338	11.5253
-9.06003	-13.5796
-13.0583	7.69793
7.6646	-13.8436
-13.9359	8.11493
11.909	-11.6236
-10.2871	-12.4251
-13.7394	12.0944
-13.7676	-8.19782
-13.9299	8.15937
-8.56783	12.4311
10.8408	13.3189
-12.8156	-5.69066
-9.07199	-12.2927
-13.9009	12.9079
-12.9823	-11.0775
12.3098	10.9041
-10.7691	11.3057
-8.55757	13.3642
12.6798	-7.65007
12.6849	9.48131
12.4422	11.9577
8.87289	11.7663
13.4659	-12.3687
-11.1681	9.31382
-11.0613	-12.0944
-13.3198	10.546
-12.9857	-12.3559
13.9598	-7.0408
-5.1301	-13.548
-13.1745	8.02094
-10.4409	-10.8443
-13.4138	-5.46336
13.1968	9.27537
-12.1064	9.28391
9.81628	10.2632
-11.7714	12.784
-12.6362	-11.768
9.14548	13.2173
-10.6067	-12.2645
-13.5223	5.59581
-12.9609	-12.8755
-11.3108	9.7445
-13.1207	8.96603
-11.6595	-12.4866
-7.34501	12.4935
12.9293	-12.7729
-13.3779	-8.30634
-12.4576	-7.89874
13.659	-12.6148
-13.9641	7.60649
13.4822	-5.66588
11.874	12.5046
-12.8208	-6.88443
-12.2551	13.2104
-11.921	11.5817
11.5057	10.0359
13.7864	2.93997
10.1145	11.7842
13.7676	-9.54027
-8.8182	-12.3619
-11.3168	11.7637
-11.2049	-9.12925
-9.95642	13.5753
11.6971	-11.1459
-13.577	5.46165
-13.7351	-13.4873
-10.1991	13.025
-11.4279	-13.5437
13.8018	-13.2352
13.0711	-13.8795
-12.5849	-13.1814
13.5292	-8.2132
12.4354	-9.03781
-13.9086	-1.74023
-13.9607	11.9295
6.49562	-13.6958
-10.4922	9.47191
-12.2183	11.3356
13.2506	10.9827
-5.21043	-13.9487
-9.69836	12.0218
-9.33091	13.1822
12.2277	-9.98547
12.144	-7.41337
-13.3429	6.24268
-8.71822	12.5567
12.8148	-10.3743
-11.7193	-8.30976
13.1703	-11.3219
-13.6385	-9.68383
-11.4176	-11.686
-12.003	-9.77783
-12.573	9.44884
-5.32579	-13.3283
-10.969	8.76864
13.3471	8.02692
11.4629	-13.8436
4.37385	13.8248
-3.25272	-13.6368
11.8586	-11.9415
12.8823	6.99039
-8.16193	12.7669
12.7071	-13.9624
7.48173	-13.8291
5.76159	-13.501
12.684	9.02927
-5.18564	-13.1848
-8.03974	13.7274
-13.3856	4.29096
-13.5608	-12.3234
-13.8881	4.79855
9.35826	11.5595
-13.4993	8.86862
-13.9897	-6.68532
11.9047	-10.3196
-10.852	-10.6315
4.232	13.4582
-12.455	-7.12711
4.9592	-13.4967
11.0963	11.1861
-10.0504	11.4416
12.6823	10.9391
-8.39863	12.0662
-13.6659	-9.61974
13.166	-5.1771
10.7887	10.9468
-12.7447	11.3399
-10.758	-9.82824
-12.778	-6.79641
10.3555	-12.1508
12.508	-13.6804
13.5659	12.8148
-11.9286	11.6355
8.08588	13.5685
-11.8535	-10.6725
-8.17475	-11.6005
13.2429	-10.8767
-11.5287	10.5631
-13.9197	11.4416
12.3038	6.75881
12.3457	6.68874
-5.8778	12.8789
12.6994	12.6131
-11.9329	-12.9199
-11.0767	9.1019
9.63256	12.7558
5.31297	-13.8658
7.73382	11.7859
-13.9214	12.6738
8.00128	12.0833
13.8564	-5.42833
-11.9457	-13.6214
12.085	-12.0748
13.8462	13.1532
-13.3788	-10.899
-8.15424	11.7663
-7.08866	12.1491
13.9137	12.561
13.6702	-9.04038
12.9763	12.3123
-10.2538	10.9716
13.8966	6.00684
-13.8975	-8.49519
3.92523	13.6052
-10.4973	-12.8122
11.4493	-10.3324
13.6796	3.10831
-11.8535	8.8746
-13.7334	4.40376
-10.6093	-9.8966
11.2553	10.4563
13.0985	10.5392
-7.01004	-12.2346
-6.07947	-13.5232
12.1722	-11.6467
4.59688	-13.9539
13.3728	-9.97693
-13.0686	-7.67913
-8.93014	-10.993
7.72869	13.8556
11.6355	-11.615
13.7377	13.7898
13.6608	-9.58727
-12.338	-9.52403
-6.01624	13.8863
-11.3254	-12.1158
12.3969	11.7133
-10.0692	11.0425
-11.1664	12.6294
11.0938	10.2709
11.7432	8.28498
-7.43388	13.7642
-11.4023	10.1102
12.2551	9.59496
13.2386	-10.3179
-13.6326	8.03034
-12.5362	6.50075
-12.4362	-10.7135
-8.41487	12.737
-9.72997	-10.3367
11.4048	13.5582
-12.338	13.847
13.0088	6.40504
13.3164	13.5411
-13.4941	-9.23692
-13.3694	-4.85836
-3.53386	-13.6642
10.0376	-12.4884
-13.6847	-5.11557
-12.0731	-9.52403
-12.1397	-7.35612
13.2907	9.15403
-10.2119	12.3286
10.0214	-12.9276
11.2305	11.4194
6.41188	13.4599
-11.9816	13.7248
13.3198	7.04508
13.6377	-6.1615
9.42662	-12.291
11.9594	-10.5443
8.88144	-11.7381
-9.05148	13.0045
4.68404	13.5394
6.09485	-12.6054
12.1508	-13.6505
-13.8129	3.89703
-9.74364	-10.3999
-13.5565	6.33924
-13.2335	-9.4984
10.5939	-12.6678
-13.8248	6.83316
13.3172	9.15744
-10.1128	-13.2694
13.0976	11.9697
6.53749	-13.2412
-8.91049	12.2833
13.5719	-10.1692
13.0387	9.19077
-13.5104	13.2429
-7.72613	-12.831
9.28135	-11.8039
13.7454	-5.19333
-11.2604	-12.1072
-7.52361	13.9906
13.2984	7.40226
11.615	-10.6665
-12.9601	13.9368
6.30079	13.7659
-9.46849	-12.7165
10.0649	-12.4542
-9.37962	10.7682
-13.101	-9.17539
13.9692	-5.86071
11.8056	-7.93548
-6.55373	13.3625
11.1536	13.8752
-13.8573	-11.6279
-13.4565	-8.40205
8.62679	11.5877
-12.9677	-11.8347
11.6398	-9.75561
-13.9017	8.52852
-12.2619	9.25401
6.32301	13.16
12.9148	-9.11386
13.7377	10.3204
-5.95129	-13.5864
12.7285	-12.6345
-6.55031	-13.8325
-13.9308	-4.86776
-11.6159	-10.1051
10.147	13.5488
-12.6037	-9.24546
-12.5354	7.57915
-12.4251	-10.9195
11.7304	-12.8763
8.74386	13.5069
-13.689	6.77505
-13.0908	-9.12412
-13.5565	-5.14035
10.8058	9.94617
-13.5095	4.61739
13.6924	9.28819
10.1991	10.8314
12.9233	-6.76992
10.1162	9.8872
-12.5918	-12.3405
9.81372	-12.7481
-9.0737	-11.3698
12.4063	-13.2848
-11.9953	-13.9026
-13.0335	10.0128
7.49284	12.2089
-6.08203	-13.5642
-13.53	-6.13245
2.26405	-13.8624
-8.30976	12.1192
11.9184	9.53685
-11.9261	-9.47618
10.705	-11.2843
-13.8607	11.5663
-10.3521	9.50011
13.9325	11.1425
-2.70583	13.765
-7.25529	13.1079
11.3134	10.4204
7.96796	11.9654
-10.3042	-12.8302
-12.0508	-9.2822
10.4042	10.2786
-8.50972	13.3377
10.0487	10.5136
-13.8727	-5.54369
11.263	-10.511
11.2339	-9.14805
11.222	11.5612
-9.75903	13.7761
-12.6789	9.5172
-7.62273	12.4448
-10.9195	-9.51891
-3.11856	-13.7214
10.9263	-10.8665
-11.5287	-12.5721
-11.9654	12.2311
13.9496	-11.2408
11.4638	-8.68404
12.062	-12.0295
13.3967	12.9515
13.3514	-8.01325
-11.3433	-9.46336
-7.86285	12.5849
-12.9686	-7.74749
-11.2476	12.1508
11.6492	-10.6785
11.1809	-13.0857
-8.85409	-13.3232
13.4787	13.172
-11.6911	11.5347
7.33647	13.7454
-7.19889	12.7592
11.6672	13.0216
10.6939	12.4089
-11.709	-10.4614
-11.8184	-12.0372
-13.4933	3.92523
-13.8992	-3.6082
-11.5903	10.9408
-12.667	13.9607
13.3822	7.04678
-7.05191	12.6012
-9.94018	-9.96496
-12.079	7.38774
12.7464	6.36061
5.92566	12.7601
-10.4495	13.0301
-11.01	-10.4264
11.9449	13.6061
12.2816	9.71032
-10.6289	-13.847
10.012	-12.9729
10.8109	-12.496
-11.4185	-10.7152
5.73681	-13.7223
13.5676	11.3219
-13.5052	-8.31574
12.6447	6.1333
13.6642	6.4922
-9.16855	-11.7979
-9.1677	10.6358
-7.41252	11.991
-13.1532	7.61846
11.674	10.7733
13.2925	13.2301
11.962	-7.6082
12.496	12.0842
-10.1991	12.4772
14	13.4087
12.937	-8.68831
11.1707	11.8312
12.9857	12.5123
-9.89746	-13.4275
10.1137	-11.809
11.4988	11.2698
11.9876	-13.0002
-11.6526	-13.3839
13.3523	5.69494
13.9957	0.911344
-10.4623	-9.40013
-13.3241	11.3288
-7.08438	12.4892
10.6785	9.17454
13.3061	-6.6238
-13.0258	-9.83508
-12.7362	10.6571
-10.9656	9.22922
13.9932	3.89874
13.7693	-8.75838
10.9442	12.6106
-12.4294	-13.9701
-10.5332	-10.0308
-13.9846	2.02222
-6.0282	13.7026
-10.7802	11.8791
-11.7184	12.7635
13.5736	-12.6353
12.5653	-12.7114
-12.2679	-7.38774
-8.92929	-13.1019
-13.1891	-7.68938
-13.3702	-9.51976
9.14719	12.4166
-10.3768	9.60607
12.3696	9.40269
-13.6693	5.59496
-12.9293	-10.9263
8.07392	12.4636
12.9524	-5.67186
3.93121	-13.5608
11.0476	11.7595
-13.3514	6.15809
12.5977	-10.9989
4.64217	13.3907
-13.1677	-9.95215
7.96368	-13.0395
-10.5426	12.367
-12.4063	-8.6379
10.7169	-11.2698
13.4497	4.5439
-13.2788	6.60244
-12.0722	10.1803
6.72805	12.9361
-12.449	7.53728
-10.5324	10.5529
-13.4873	8.82418
-7.08267	-12.8943
5.15659	-13.5787
8.81307	12.1953
3.25358	13.9257
-13.0908	11.7851
-11.803	9.95984
12.9028	-6.16407
13.6539	9.30699
-11.7877	-13.0387
-4.8934	13.5035
-7.19376	12.6029
13.9103	3.163
-12.9293	-6.19739
-4.6943	-13.2762
11.7278	12.6781
-11.7253	-10.2965
11.5663	-12.7216
13.0395	12.1286
13.9598	-9.18223
13.6907	-5.79577
13.2044	-8.06281
-12.0167	13.4403
13.3907	6.17859
9.86584	-11.5851
13.4642	-5.99402
-13.9949	2.66311
-6.81863	-13.2617
6.93912	13.3395
11.1066	-13.8881
-9.59667	13.107
13.2685	-13.3728
11.9808	11.5552
-13.2754	-6.72549
7.97565	-13.3523
10.8374	-13.9496
-13.9991	4.83358
-8.93356	-11.6449
12.9831	13.148
-13.906	6.16321
-13.7607	7.96796
13.8214	-10.3974
12.1414	8.9874
12.4584	-6.63918
12.837	7.21427
9.41465	-10.8733
10.6426	10.6853
-10.1419	13.853
8.65584	13.5762
12.5413	9.29246
8.4311	12.8874
-11.2143	8.46187
11.2373	8.884
11.5262	-8.59346
10.6742	-12.8464
13.1822	-7.00064
13.5522	-7.37834
-6.86135	12.7464
-12.0021	11.7364
10.9126	-9.94446
13.753	11.4108
-13.4189	13.8428
12.3833	11.533
-11.4433	-11.0399
-12.2764	-13.2156
13.2685	10.1683
-12.3354	13.225
10.4956	-12.05
8.4217	-11.4253
13.2002	12.7182
-13.9675	8.33198
-13.9769	2.87503
12.9131	10.4631
13.2096	-13.2429
7.29289	-13.3583
7.97906	13.6838
12.9173	7.38859
9.37364	-11.0032
-13.9316	-4.22773
-13.3155	13.0267
-5.04379	-13.5206
10.1461	12.9045
11.1194	-11.169
13.3189	-10.6905
8.84213	11.85
12.0893	8.63363
-10.7776	-12.0363
3.27921	-13.8667
-9.87268	-13.5779
-13.4309	-12.0577
8.46529	11.9688
-9.33518	-11.9218
-10.6879	-9.77612
-12.7866	-8.55928
-12.9908	-7.32707
-12.4516	11.8586
-13.7855	-4.17902
13.2472	13.4787
13.8675	-7.13822
7.86456	12.8908
-8.16364	11.4954
8.91818	13.5557
-13.6787	-13.2694
-10.4144	-13.9735
-13.8018	-6.92972
-13.0352	12.7285
9.89148	13.8163
6.93997	-12.9848
12.3046	-10.053
-13.0352	7.0314
-8.54817	-11.8432
-9.30784	12.7199
13.3412	-9.17368
13.765	-9.17539
-12.655	12.3747
-13.8667	-2.53151
-11.0023	-11.8355
10.4649	12.8276
13.9564	-4.08588
4.85495	-13.6172
-13.8197	-8.63533
-13.1062	-9.37877
-8.76864	-13.8846
-9.24375	-10.799
-13.9556	-11.756
10.4384	-10.5554
13.2232	-5.51292
-13.3335	-5.47191
-12.6268	-8.61653
-9.33604	-11.3852
-12.2115	-8.24055
-13.5557	9.74792
12.7627	10.311
-7.14164	-12.8293
13.8906	4.2038
-12.8968	13.9556
12.9404	8.7131
13.4736	8.10382
-13.4386	7.57402
12.2414	-13.4249
-13.7753	10.3444
-12.8054	9.82397
13.4693	9.68041
10.9648	-9.30357
2.71694	-13.988
11.4399	12.937
11.2698	-9.73339
-13.8359	11.1186
-12.2628	10.1213
4.20038	-13.5898
-11.6458	-12.6499
-12.5772	-7.41423
-13.2959	-7.7398
-13.9479	-12.1158
10.505	10.7186
-11.3091	-8.6285
-13.6471	11.521
-9.4232	10.411
-13.3941	-6.18458
-9.51976	-12.3243
7.02713	-13.054
13.6864	-6.40931
11.9269	-10.2008
12.4499	-6.55287
11.1801	9.93078
-13.9761	10.5443
-10.0923	9.89831
10.9707	-13.8146
13.9376	1.73595
-11.6381	12.7763
-7.22367	-12.9823
10.4819	-13.9436
10.5828	10.7913
12.4918	11.8654
-9.83337	13.2711
12.543	-13.1489
11.3561	11.9124
-9.56847	12.3004
-10.2863	10.5383
12.5148	-13.0352
9.16941	-12.5636
12.8814	-11.1562
8.11151	-13.1831
13.2429	12.1448
-13.9214	-13.1045
7.42961	13.2002
-11.2912	-12.8276
-13.1147	12.7011
6.54946	13.8633
8.93612	-13.1113
-11.2399	13.2959
13.2728	-12.5636
-11.8475	12.1705
-9.28562	13.2514
10.8904	-12.3713
-12.0543	13.2378
13.2181	11.5022
-4.22517	13.8932
12.4901	12.9823
-11.5527	-12.7609
12.7985	-7.63726
-11.3527	13.2224
13.6761	10.2931
10.9272	11.8808
6.1709	13.9769
12.8609	-5.55651
-13.6693	-4.2038
-12.3354	13.2062
8.27985	11.5894
-8.87374	-13.6479
-13.0412	7.21427
9.5548	-11.0921
11.5826	-12.3269
-13.0446	-12.097
-11.0699	-11.1724
7.30741	12.0611
-12.2132	11.9474
7.75945	-12.2465
-10.8725	12.5952
3.04678	-13.8693
1.86584	-13.8821
8.57552	-12.4952
-7.42106	-13.3651
-8.25593	11.498
-13.894	3.91412
12.1927	-6.90921
-12.2123	13.5864
11.8347	11.2784
13.4933	9.31468
9.39158	-11.8227
5.07541	-13.6326
9.75561	-12.3833
-11.075	11.5945
10.9135	-12.6268
-13.9752	9.73595
-9.94531	-13.6915
-13.1634	11.5407
11.4954	-13.0045
-12.2534	8.96432
-8.32514	-13.0634
8.83786	-11.5544
11.9218	-11.539
-9.66845	-12.9233
8.41658	-13.6394
10.8289	9.95471
-5.30442	13.0002
-10.1538	-10.0043
8.86178	13.6642
-12.7285	5.86499
9.48643	10.3367
-11.1263	-10.5845
8.05512	-12.6311
12.9831	13.2984
-12.132	-11.521
-10.1077	11.8287
-11.6048	-12.2978
-11.3809	-9.74108
-12.9635	9.37022
-12.7678	-12.0269
-11.081	-12.0748
6.21107	13.8889
-10.4512	11.6637
8.81649	11.386
-13.1737	-12.4995
-12.1346	-12.4422
11.7885	11.9013
-10.9246	12.3405
-13.8436	-13.6155
4.00641	-13.9846
-5.86755	13.9641
-10.9015	9.58129
-9.30357	-12.5866
12.4738	13.8052
8.33027	-13.994
13.7342	-4.27046
-8.64217	12.6524
-9.82311	-12.5157
12.7046	10.8195
-13.8419	-7.17582
-5.28477	13.2344
6.71267	12.7797
-11.5604	-13.7368
12.2235	8.76266
-5.77697	13.1968
-12.6892	-13.3155
-13.4634	-5.32151
-6.60927	13.2651
-7.4655	-12.9592
9.35398	13.6642
12.1696	-11.9944
13.4215	8.884
13.0506	-9.99402
10.6999	9.62999
12.0782	8.81137
10.6691	-12.6652
13.1472	13.9624
9.7257	-13.0575
-13.9684	1.1207
4.78658	-13.4403
12.9977	-10.1692
12.9327	5.60863
-11.9765	10.8998
13.2019	-4.86776
13.818	-2.54176
0.913053	-13.9863
10.3794	10.1521
-3.10404	13.959
-11.1784	13.6086
10.1102	10.9306
-13.3583	-5.45567
11.0485	10.9203
-5.65221	13.1677
8.47725	11.9423
12.5542	11.674
-6.50673	-13.1686
12.9156	-7.022
-13.7172	10.9135
13.6813	-7.59966
-9.88806	13.3591
-13.6411	-6.01538
-6.16065	-13.5386
-10.8699	13.7428
-7.74151	12.8661
-11.1211	12.3482
6.67763	13.1677
11.1741	9.53514
13.4941	-8.17731
10.294	9.69921
12.3961	13.8214
13.3147	-7.27067
13.7855	-4.2508
6.54946	13.7078
-13.4762	-11.2305
-8.77291	12.4217
11.6612	-13.1173
12.89	-12.8755
-11.3194	11.8799
-9.45482	-13.4215
-8.33369	-12.9618
12.4251	9.53856
11.8449	-9.43944
-13.7436	8.81735
-10.2649	-13.4403
-13.4642	6.48195
-12.6131	-9.83166
13.7428	4.64388
-13.4651	5.03183
10.7041	-12.244
2.45546	13.865
7.90643	-13.3805
-10.9912	-10.8981
13.777	-12.5012
12.7421	13.2814
-5.61803	-13.6334
7.49284	-13.1762
11.6022	12.4251
-8.06623	-13.5275
3.48772	-13.9727
13.2181	-9.47703
11.4065	12.0534
12.4593	13.3514
12.3696	-12.8208
-12.9754	-13.6975
-4.91989	-13.201
-13.5787	-10.1325
-10.9186	12.461
10.2794	13.4787
-3.52702	-13.8992
11.2792	9.4326
9.02841	12.5507
7.77142	12.3986
-12.3781	-6.91519
-13.4693	10.7998
6.44606	13.1515
11.4117	12.59
12.5234	12.4021
-13.442	-8.90194
-10.5221	9.31895
-12.3055	-9.34202
-11.8253	-11.1997
-7.65691	12.9712
-9.43858	11.1895
-4.24653	13.3437
-9.45311	-13.3463
-12.79	13.1429
-11.5851	-8.19184
13.9752	2.03674
-12.6114	11.5885
-13.9017	13.1378
9.54027	11.1715
3.5706	-13.7069
12.9088	-11.4441
10.8844	-11.768
-12.3414	12.7404
11.1117	-9.86499
-9.07028	-12.5832
-12.0919	8.40205
-6.54347	12.9122
10.0043	12.4166
8.87033	12.2209
-12.1705	-7.6176
5.21897	13.9427
13.5437	3.96454
-12.1756	13.4078
-9.93762	-12.8208
13.0284	7.83636
-8.57894	-11.5715
11.9304	11.0972
13.5317	-10.1085
8.93442	-11.4501
-10.9468	10.6939
9.92224	13.072
13.0045	12.555
-9.51976	11.8577
-6.52895	13.2275
11.5219	-8.20978
-8.33369	13.2984
-12.3465	7.76287
3.06388	13.8778
10.64	-13.1446
-13.1412	-6.8229
-13.8872	2.24952
-11.2228	-8.64302
-10.0333	9.88891
-13.313	6.14014
10.0026	-12.0577
-10.7733	13.3916
12.5242	11.3339
13.2438	10.1179
13.4924	8.78402
-13.8812	-4.50716
13.6727	3.80816
-11.2544	10.0197
11.9637	-12.3277
-13.965	-2.39393
-11.8107	8.37727
11.0075	9.72826
13.6155	-6.19312
10.3452	-9.70605
-7.04593	12.5678
5.48558	-13.0609
-13.3506	11.0793
4.42085	-13.7129
-10.5537	11.8774
9.08481	-12.7165
-6.81692	13.7137
11.8141	9.87097
-13.6659	7.92352
11.5569	-10.5768
-13.9487	-8.05683
-9.6881	-12.4132
-13.7197	4.86776
-4.11493	-13.4429
-13.9701	7.64751
-10.5238	-11.6868
-7.31681	-12.091
-9.26853	12.7233
-13.7736	4.36702
12.7832	-6.68105
7.64751	11.7654
12.4764	13.5642
-12.2166	-12.9113
9.92138	12.7165
-12.3175	-11.0639
11.9517	-13.8898
13.7727	3.51592
11.0707	9.70177
-13.1429	8.34651
-13.6368	7.62358
-12.2499	-12.5268
10.358	10.1213
-13.2121	13.3104
-9.28135	-13.0387
11.7962	-13.1181
-8.30293	-13.8735
7.58257	13.3523
-7.04935	13.4993
12.132	-8.91903
12.643	-10.1359
-11.7817	-11.5005
7.71502	-11.9987
-10.928	9.42149
-13.4497	-11.856
-10.4837	12.091
-11.6193	-12.232
9.84021	13.6471
8.97287	12.6439
-10.6135	10.2897
12.6507	7.93805
-11.4544	-13.865
8.73959	13.4651
12.943	5.489
-12.9558	9.22837
8.86691	-11.3142
-12.9079	-11.2929
13.5403	11.5552
7.02457	-13.025
13.9889	9.81115
9.2805	12.3935
12.4422	12.8755
6.6802	12.7806
10.0385	11.5885
8.12006	13.595
10.7212	13.9436
-13.5471	13.4668
10.4879	11.5296
-11.6937	7.9295
-12.8806	9.81542
9.87866	-11.7338
12.9806	-8.57894
11.2561	12.5824
-11.8253	-12.2585
13.1335	-5.55651
-12.4183	-11.1271
-13.3489	-6.14698
10.5076	13.4907
-11.574	10.6153
-12.2141	-13.2403
11.9141	-13.5779
-9.47362	-12.338
-12.0662	-8.10895
12.285	8.57125
-9.20615	13.2019
-11.5424	-9.5847
-11.2331	-13.2181
13.4164	12.9096
-10.3666	12.2884
-10.2982	10.0222
6.97586	-13.5881
12.291	-9.11216
-10.5195	-13.9419
-12.7148	13.2745
-13.1848	9.12241
-11.5279	8.3448
12.4038	11.1433
-4.67635	-13.5488
-12.89	7.64495
13.1557	-11.3501
-12.8934	5.97009
-13.0404	-10.2572
-12.5986	8.81649
-13.8505	-2.83999
12.5918	-10.5443
-10.9135	9.3574
-8.37898	-12.8678
-13.1891	-13.2608
13.383	-5.47789
13.8171	-11.175
-11.6381	9.4608
-13.3036	7.93207
8.71908	12.8259
8.27216	-12.7157
9.95215	-12.8037
12.8592	12.7601
-12.0902	10.088
11.4775	8.47041
-13.172	-5.6223
-11.3681	-13.3856
-12.843	-5.66503
-13.6573	-9.11045
-11.6108	13.1668
-13.1566	-13.2062
-13.0318	11.4595
-10.8494	-12.2576
12.8208	12.4055
12.332	8.11579
13.6479	5.97095
11.2467	9.59154
11.0109	-13.4215
13.401	5.00192
-7.31083	-13.8898
11.1997	-9.97607
12.8558	-13.172
8.11066	13.9675
12.9438	11.1895
-11.1117	-13.8018
-9.64025	11.2211
-12.2653	-12.5166
6.80239	-13.7283
6.23499	13.301
-13.7189	-13.1549
-11.4783	-8.37812
9.93506	-12.6003
12.8635	-7.32963
9.29673	13.3309
-13.5155	9.86926
-12.3585	-12.6789
13.6146	-6.85623
-11.7501	-13.1079
5.54967	13.6804
-10.4127	-11.0699
-12.5097	-6.40162
13.3565	-7.21171
-10.5905	-12.6302
-12.9515	9.89062
-12.4892	-7.25529
-13.947	-8.23371
-10.2683	-12.6823
13.859	13.3249
-9.26682	12.361
-8.79171	12.1448
-11.1399	-10.2957
13.7556	7.1818
8.96091	11.6202
7.7774	12.7379
-13.9573	-13.8906
13.6112	-10.6101
-13.7103	8.76095
5.62999	-12.8558
-5.43004	-13.6249
-11.9201	13.0728
-12.1047	10.6879
-6.8323	-12.8438
-8.63192	-12.6772
-9.61803	-13.8342
-12.6832	6.65798
6.8135	-12.4414
12.5567	-11.5569
10.5631	-9.51549
13.148	10.975
3.43388	13.9957
-13.5958	6.36744
9.46422	10.6101
-12.3474	-7.94574
-7.20316	-12.596
8.30036	-12.3815
3.8919	13.5685
-10.3427	-11.2168
12.2696	-9.93762
13.4172	6.69301
10.6366	12.5687
-13.2361	-7.05448
-10.2102	-9.89831
-13.5069	4.8088
12.0765	13.9325
11.7842	8.37471
3.5894	-13.5668
9.19846	-13.313
10.8938	9.84362
9.09507	-13.536
-12.608	7.97821
13.8334	9.56761
12.8729	-10.229
-11.8347	-13.4728
8.23115	-12.3807
-5.49071	12.9566
-9.38987	-10.6699
8.1269	-13.1378
10.0094	10.8366
-10.3136	-13.113
-8.90023	-11.6227
11.0032	-10.3392
8.57637	11.298
10.664	-13.4984
11.1639	9.6693
-13.8787	4.8276
12.7789	-8.86776
-11.2886	-9.61034
-4.90194	-13.2156
-12.8344	11.0647
-13.5633	-3.78082
11.0895	-9.65648
-9.77526	-12.2995
10.6153	10.0179
11.1997	9.06858
-10.1675	13.5651
12.5413	-11.2297
-13.3608	-4.84469
-12.5217	-8.05341
7.48344	13.3061
-9.20103	11.3288
7.13736	12.7174
-9.32749	-12.6746
10.7605	-12.4012
-11.668	12.8105
-6.9639	-12.9746
-10.8511	-12.1004
-8.88827	13.7924
-4.49861	-13.5206
-8.00812	12.7233
13.659	-3.82525
-9.68297	-13.5121
10.3076	-11.1322
-12.8276	-9.41209
-11.6569	-11.6954
-12.8695	12.7182
-9.94702	-12.3756
-11.956	12.6251
12.173	9.57958
11.9064	13.8684
-11.4971	12.3098
-11.2194	-10.1179
12.9925	-10.4461
-13.9684	-2.58364
10.3931	-10.9955
12.3175	11.8159
6.36061	13.5702
-12.2089	9.93933
-4.78658	-13.2403
-11.2416	-8.65499
10.2529	-10.5802
-13.6018	13.6702
13.8838	6.14869
-10.511	13.0002
13.3941	-11.5492
13.7642	-11.2587
11.9056	10.9058
-11.5988	-13.1139
-13.101	5.02414
-11.5612	11.2177
-10.9212	10.8161
-12.1773	-7.18009
13.7676	-10.94
9.40782	-10.5452
-8.78402	-11.9227
-13.0763	5.53685
-10.0359	10.5178
-12.3833	11.1092
-4.17646	-13.7496
9.51378	-10.5324
-13.8197	7.46635
10.8246	-13.6702
2.05298	-13.8496
12.2534	13.9351
-9.52232	-10.9699
-12.015	11.8133
12.5482	-13.7684
-6.95279	-12.3183
10.4238	11.862
-12.4149	-8.90622
-11.1271	13.0643
-12.0064	-13.4403
7.32194	13.7804
10.5161	-13.5608
-13.6078	-12.5319
12.5516	12.6464
12.426	-13.7548
12.3209	-8.3354
13.2634	-8.58235
-4.51143	-13.4924
13.6095	11.8082
-12.0466	-9.66674
-8.52425	13.2822
11.6509	12.4174
12.1653	-9.68639
11.1553	9.41038
12.2773	-7.14249
-10.141	-10.1752
6.01538	12.8011
-8.72506	12.2047
13.7043	8.10468
12.6379	8.17048
-10.4854	-12.2183
13.9368	7.30827
11.7483	-9.47533
13.4505	7.99615
-7.09891	13.7795
-12.4764	9.62401
13.6129	-11.4493
12.0184	7.5313
-6.1803	-13.3241
-4.18415	13.4411
4.43452	-13.5189
12.7635	6.09998
13.7308	8.87289
-6.82974	13.4685
8.7242	-11.0305
10.182	-10.6366
-12.4132	7.80218
13.8599	3.57573
4.70455	13.3147
12.9199	5.54454
-10.7101	9.41978
-7.45183	12.2952
8.3166	-11.8996
7.163	13.853
12.0808	-11.574
9.48131	-10.5589
-13.2907	6.08631
-11.6697	13.9231
13.2976	-12.056
12.6943	7.20145
-12.8601	-11.8663
-7.49113	12.8985
7.36637	-13.9188
-5.5642	-13.5292
8.65413	12.0329
6.70669	13.6044
13.7257	-13.0395
10.9579	10.5956
13.2258	7.20658
-12.408	12.5994
-11.4894	13.054
10.0624	13.8342
-11.1476	12.6823
9.2335	10.9528
-6.32728	13.9128
-12.9113	-6.72378
9.81542	-12.7533
11.4946	-11.6885
-12.2867	-11.427
-10.2504	9.79321
12.4815	6.42811
-11.4228	-9.51292
11.0835	11.8945
12.8874	-6.47597
-13.0771	-10.4059
-11.2673	13.771
12.5516	10.7956
-13.1899	11.1263
-12.4414	9.859
13.1686	10.9306
-12.4174	9.91455
-8.71651	-11.9483
-11.6193	-11.4535
-11.6082	11.9047
2.85708	-13.8906
9.31809	-13.0045
-11.8808	-11.1809
12.5738	-12.2405
13.6872	4.11921
9.80602	13.3822
-12.0167	8.4781
11.8082	-8.82333
13.9709	6.03418
-10.4751	-12.5037
9.95471	10.6529
13.0053	-5.28819
10.5358	-12.5123
-10.4683	-13.5369
-12.8712	6.32899
13.6223	-11.7193
10.3734	-10.3307
10.3555	11.9158
-12.4243	10.0453
-9.81372	-12.2149
-10.9699	9.58129
-10.4529	13.9735
-9.82226	-12.2465
-13.8376	-5.39927
11.8543	-12.9079
-12.9883	13.3659
-9.32322	-11.9816
12.743	6.92801
12.3431	-10.8802
-10.2085	10.6896
-9.20872	-13.8872
-11.8398	10.6452
13.9846	-7.62273
-11.0169	-11.2032
9.71032	-12.1269
-11.8372	13.3736
-10.1111	10.452
13.2514	-13.2318
-13.342	-7.15958
-9.47105	-10.8391
-11.4561	8.32087
-13.7573	9.45909
10.6614	-13.4941
10.4708	12.0098
-6.43153	-12.7977
10.8639	10.6486
10.8921	-12.4396
-13.2344	-12.7054
-12.9754	8.48323
11.3604	13.2762
-12.5712	12.5277
-13.4018	-13.8769
11.0194	-12.0457
9.55138	13.8923
-8.16108	-13.5599
-13.9462	13.8752
-8.93442	-13.1173
13.6608	12.138
11.263	8.48921
-8.3918	-12.0688
-9.88806	-12.3935
-6.7665	12.8643
-13.9641	8.36445
11.7928	11.4664
13.8223	-8.18842
-10.7186	10.9964
-13.4454	10.5452
8.62423	12.8831
-13.2626	-5.33006
-11.9765	-9.64025
-12.0098	-13.859
-9.20188	-10.7844
12.5507	10.5144
13.618	-6.77078
-12.2149	12.5413
-13.2053	-7.55181
10.3034	-13.894
-10.7964	11.7526
8.5157	-12.4525
-12.467	-11.0981
-13.0258	13.7906
11.862	-8.45674
-13.054	-11.1237
8.91305	-11.7048
-11.3108	-12.0568
-10.1974	12.3559
-9.33946	-13.0848
-13.712	-4.74471
-9.38646	-10.7921
-6.91263	13.9598
7.79449	-13.7906
6.59133	12.9806
13.4711	9.3386
-8.62423	-11.821
-9.98633	12.8883
13.4147	11.3912
-13.1933	10.4931
13.2643	-9.48216
11.5492	-10.0214
-12.2192	7.12626
12.7592	-10.9135
-5.50951	13.2472
-7.21085	-13.0122
-10.2709	-13.5095
9.95984	-13.1771
-9.65648	-10.5631
8.39436	-12.9626
-13.4523	-13.1728
-8.68062	13.4429
12.7421	-12.4072
13.8795	-5.50011
-9.87866	13.6326
-12.191	7.96112
-12.5627	8.06879
12.7225	8.87289
-13.4505	6.69301
10.3247	-10.6016
8.51827	13.0498
11.0297	12.8156
-11.2373	-12.4371
-12.2269	-12.3807
-4.86178	13.1686
-13.4711	13.7642
13.7471	-10.7255
-12.4747	12.432
-12.8917	-11.1211
13.3677	-9.57018
-10.5785	13.9154
-9.68041	-10.135
-13.3796	8.90878
6.61354	13.724
10.9759	11.4971
-13.8599	-11.6227
8.79086	-12.702
-10.0726	-11.8492
-11.2228	-12.7285
10.5452	-12.2987
-9.53087	-13.2737
-7.19889	13.3113
-13.1814	11.7919
11.3202	10.7212
13.1634	-13.4958
-11.016	-9.48643
-13.5693	-12.2645
11.3946	13.1233
8.81137	13.1959
4.32087	-13.6548
-8.92416	-13.0011
-11.286	-12.0748
13.0592	-8.58748
13.3403	-5.48473
-12.1756	-9.94787
12.097	-13.8282
-10.5477	-13.119
13.7958	3.48686
-12.0192	11.5698
-8.29182	13.0301
8.7131	12.0756
12.6883	-9.06943
11.3971	10.5486
6.63405	-13.8257
13.7599	11.9919
8.01495	-13.2779
12.5319	-8.50801
-7.82611	12.8977
-11.9492	9.76672
-8.69173	-13.1617
12.4516	-6.90835
-7.42192	13.6385
13.6599	11.6142
-13.7804	11.304
-13.4053	13.9145
12.3029	11.7988
10.4435	-11.527
11.0177	11.4535
13.4531	-5.37706
-12.0423	-10.2871
-13.7223	-7.22538
4.42341	-13.8308
-7.61419	-13.3514
10.7127	-11.3843
-9.9624	13.9983
-11.1057	13.3882
6.56655	12.9131
-11.7936	10.047
-8.79427	11.9004
-8.46187	-12.0397
13.1985	-8.91305
13.577	10.7511
-3.61419	-13.9086
9.71715	10.8007
9.11728	12.6729
13.5633	12.0269
-12.3627	10.4315
9.84533	-10.8024
-10.6947	10.8169
-8.69344	13.3565
-13.2036	5.82653
-11.4988	-11.4501
13.1224	13.4864
5.79235	-13.9137
-13.0173	-5.17454
-5.21213	13.6445
11.8594	-12.291
10.7699	13.5881
13.1438	-12.079
-9.96753	-11.3946
-12.4174	-13.8043
-10.2914	11.0126
13.7932	-12.3935
12.8746	6.14698
12.8498	-10.9571
13.0096	13.9769
12.9233	5.77013
-13.1686	5.00961
-13.6334	8.8088
11.2792	12.2525
-10.916	-10.6734
12.3995	-10.2726
-5.96069	12.7977
-9.05832	-11.9338
-12.1679	9.55651
9.29588	-13.1267
-11.7595	-11.3758
-10.1179	-10.1128
11.9098	-9.71801
12.2064	-11.3031
-10.8981	12.7481
11.1946	-10.9554
10.7246	13.8274
-12.3585	7.56291
-9.93591	-10.6956
-13.5736	8.70797
-11.3715	-9.92224
13.8539	-9.07797
-11.6843	9.66674
10.4008	-11.7654
11.8731	7.7116
7.64238	12.8524
11.7569	-10.1427
-8.86007	12.8498
13.6197	11.0553
4.51656	13.8744
6.68789	-13.495
-13.577	-7.60564
13.9846	-5.35398
-9.51122	-13.8641
-13.5437	-7.9577
-12.3439	-6.98611
-10.7135	-13.1874
11.2698	-12.9771
13.8428	-8.88656
-9.99145	-10.511
-12.1013	12.8763
-8.82076	-12.7233
11.715	-10.27
-6.45033	13.4411
-12.7028	-11.2818
11.0639	12.8293
-13.865	6.09058
13.8675	-8.38154
-13.4582	11.5544
-10.7554	11.1459
-6.48537	-13.7684
13.9744	-3.73638
-10.8391	13.3574
4.66182	-13.3036
11.1903	13.6992
-13.8462	5.84106
-13.953	8.12946
6.87844	13.2096
-11.2604	8.52254
-13.6368	-3.67315
-12.5148	12.3721
-13.5069	4.84982
-10.2692	-12.3525
11.9842	10.5161
11.3655	12.6311
-9.19077	12.4456
13.5727	-12.3251
12.8199	6.76223
-11.0981	13.5744
11.7159	9.08481
-11.3621	9.87951
-13.5454	9.54198
-12.52	-11.5424
-9.44969	-11.6338
-12.8686	7.45866
-13.1677	6.98184
-12.2969	-7.92438
-12.109	-9.09165
-11.6407	-9.86926
-8.62166	-13.4164
-11.5569	-8.74044
-8.79684	12.0389
-7.21256	12.5422
-6.00256	12.6541
-6.42897	13.6505
-9.52318	13.4095
9.01816	-13.5249
11.7518	12.461
13.1711	10.8007
4.94809	-13.7812
-11.0664	12.2448
9.8667	-12.9977
6.11451	13.7565
-11.1117	-12.4738
-11.0844	9.84362
12.4251	-9.41124
13.342	10.6529
13.7214	4.63021
-13.783	-6.82546
13.548	8.88144
-1.02329	-13.9684
-11.7697	-8.63619
9.52062	11.6612
12.4576	-7.50737
-13.4129	9.46507
12.0688	-7.61248
-11.6672	12.0021
-12.6567	-10.429
-9.54881	-11.938
-10.7605	-10.4016
12.279	7.27836
12.379	-10.9887
13.1378	13.4386
-11.7073	12.0782
-3.45866	13.6026
-12.4268	10.3392
7.21342	13.8428
-11.3108	9.5659
-2.23927	-13.8769
-6.44948	-12.4995
-6.95022	-12.7208
-11.0331	-13.7573
2.1615	13.8915
13.0694	-9.69579
6.96902	12.1713
-12.3841	-10.4674
-6.94253	13.2514
-13.3335	-5.11985
-12.3499	-12.2209
-12.5507	-13.8505
9.13779	-12.9891
13.5155	-7.96796
12.5268	-8.67037
-9.17454	11.897
9.22581	11.4561
11.8945	10.6281
-2.36232	-13.9017
3.04166	-13.8607
9.73852	-12.9618
-8.13544	-13.3377
-4.33711	13.3933
-13.3446	-6.04187
13.4557	9.43773
-12.5285	-6.95108
-12.3713	7.09464
-13.1583	-13.8581
11.3501	13.642
-9.66759	13.577
-12.1115	10.5059
-13.1899	13.7983
6.64516	-12.4379
12.9344	-5.9342
-8.45418	12.7174
-13.2933	6.49049
-12.1594	10.8648
-13.4958	9.90258
-13.9231	8.47725
7.68426	-11.7056
13.4258	10.17
11.7424	9.14121
-9.88891	13.9043
11.0143	12.972
9.36937	13.8129
12.7917	-10.8776
10.5195	9.99145
7.64409	12.549
13.2925	-11.5834
-11.2297	12.3756
-10.2341	-11.3655
13.5582	7.56719
-4.90707	-13.1173
-7.06131	12.5994
-10.5298	-13.6565
9.89319	-10.0897
-10.881	12.5242
-12.7738	-8.30891
-13.2395	10.7648
-10.6879	-10.5768
-12.3439	-6.91946
8.79769	-12.6576
-12.3807	-13.9556
9.43516	13.7941
-12.1013	8.15766
13.5155	12.7695
-9.09507	-12.138
-8.53279	13.7727
13.5326	6.39137
9.06858	13.4813
13.7753	-11.1109
-10.0983	13.3668
12.7473	-12.5678
-13.5394	-4.36189
11.8774	-7.7116
-13.4523	-11.4125
13.7009	-11.0314
13.9633	-7.32792
-13.9257	12.4422
-13.5838	4.67464
12.1491	-8.69942
-11.0126	10.4162
-12.8216	-13.595
13.3548	5.15061
-11.4364	8.51656
-13.9197	-13.8778
-10.711	11.2015
12.9233	13.0797
9.77441	13.454
9.33348	-12.2653
-8.62081	11.1408
-10.6144	12.4508
-7.76629	-12.9695
-10.0641	-13.4001
-12.8054	-10.1675
-11.5569	-10.4256
-12.9985	-8.87289
13.1421	-9.36338
6.71865	13.7718
-10.6913	13.1438
9.82311	12.6242
-13.1318	8.50887
13.6308	-10.5443
-10.3871	10.8058
11.8364	-9.85388
-12.7678	-11.2391
13.7864	-5.7915
7.64068	12.702
12.9387	11.9252
-10.4247	11.7928
13.483	4.13459
-11.2245	11.7569
-13.2403	-7.82098
-12.9959	-7.85943
-12.1141	-10.0504
-13.7103	-7.25272
11.0596	12.8652
13.8522	7.79876
13.7684	-7.43303
11.5364	-9.1865
13.1583	-10.3316
-7.55437	11.8449
9.53771	-11.2715
11.3467	9.8385
-10.0889	-10.7887
4.9498	13.8188
9.80859	13.1335
9.58641	-13.131
12.6268	-9.55309
-11.891	-12.526
-11.4279	13.9769
11.6159	-10.9665
13.3104	-12.1628
9.56676	-11.0323
-13.9103	4.61397
13.8846	-13.4147
12.5448	-10.8545
7.91839	12.7943
-4.29096	13.4617
11.1032	10.8827
11.774	10.9434
10.781	-10.0265
8.17646	12.4379
-9.70946	-10.9092
-11.5236	-8.00726
13.4548	-12.3106
-13.7206	2.9921
-9.18992	12.1423
-12.9088	12.9814
6.98868	13.5292
13.1096	-11.6091
-9.67614	13.7163
11.8688	8.35249
-13.9325	-6.14869
7.23649	13.9282
-12.5242	-12.379
13.7009	3.22794
-9.60436	-12.226
10.5879	12.5208
12.1312	-10.1359
12.2115	-13.0634
-13.7838	7.52959
-5.24802	-13.5035
8.7131	12.3448
13.83	11.7911
-8.93014	13.8052
-13.8265	-4.72164
12.1688	-11.0425
-11.3134	9.81201
8.88314	12.5542
13.4377	-7.36808
-4.5345	-13.5471
-12.4858	-8.62935
-9.97009	10.2264
12.1457	-13.959
-8.73531	13.1574
7.78167	13.3087
10.6956	-11.3741
7.20402	-13.6505
-12.185	-7.63811
-13.3471	5.73083
10.2854	11.6954
-7.63128	12.8173
-5.25657	13.6941
6.49989	-13.6608
-12.966	-12.103
8.95834	-12.925
12.2123	8.12604
-9.1865	-12.3303
-13.301	11.0211
-8.39436	11.8945
13.7915	-4.37812
11.9039	9.25315
-12.9028	-12.7011
-13.542	10.17
13.659	8.72848
9.71203	11.874
13.2959	-10.8212
13.6796	3.92352
13.8291	-8.33454
-12.2602	13.4317
12.3525	-6.59389
-13.0053	13.4104
-12.4431	13.2549
-8.62081	11.8423
6.61867	12.737
-8.22517	11.8338
13.3198	-6.68618
9.85559	13.0634
13.8513	-11.7389
-12.4226	6.70669
-13.0814	-7.12967
9.13523	12.5311
9.22068	12.9541
13.3386	-12.4704
-10.6836	13.8966
9.78039	-12.3533
12.3345	8.87033
-12.3593	11.1587
-1.65392	13.9034
9.87695	10.0273
-10.7785	-11.8569
-8.95834	-13.7898
-12.3345	-7.75347
5.84704	13.5052
-12.0628	12.179
9.57958	-10.9562
10.6887	13.4984
9.64794	10.5674
-12.0158	9.00705
2.17347	13.8479
9.22495	-13.3207
8.8088	11.0459
-9.79577	-11.0485
4.53023	-13.5069
-11.9116	-7.51506
13.4514	5.84875
6.85879	-13.5249
