-1.84953	-1.17764
-0.114304	0.62222
0.786197	0.170029
0.106767	1.65861
-1.10593	-0.249733
-1.41904	1.23976
-0.524931	-0.686623
1.42178	2.10577
-3.48313	-0.201088
2.5212	0.450707
0.833471	2.08476
2.6057	1.03376
-1.29183	0.0706835
2.52896	-1.63303
-1.66546	1.89201
-0.956111	0.687537
-2.50338	-1.64787
-1.24798	2.08157
-1.22606	2.13021
2.97042	-0.255443
1.53597	1.18015
0.896504	0.300662
0.486791	-0.781858
0.421475	1.23451
-2.92566	0.517851
0.331265	1.76549
-1.5531	1.71958
-0.859507	1.74516
0.730929	-2.05553
-1.20505	0.218445
-1.48138	1.06185
-3.14193	0.692561
-0.210452	-0.819312
0.835298	-1.07144
2.8697	1.50993
-0.0227238	0.198804
-2.27843	-0.71106
1.08332	-0.817713
-3.39338	-0.578371
-0.622905	1.68944
-1.27128	-0.536578
2.37663	1.26511
3.15632	-1.01138
-3.25955	-0.133488
-0.969129	1.55721
3.03596	0.202459
-2.1953	0.272343
0.518079	-1.32928
-1.52615	-0.455275
0.406173	-1.83309
3.15244	1.17901
0.915916	0.534979
-1.43571	-2.13706
-0.233061	0.925737
1.02668	-1.25712
-2.95215	0.862247
0.526072	-1.83766
1.2811	-0.0640605
2.88135	-0.421703
-2.67124	1.04153
1.54967	-1.3729
2.39627	1.63782
1.97172	-0.941495
-2.1567	-0.390415
2.66782	1.62549
-2.42162	1.66911
1.23793	0.197206
-0.0113048	0.406173
-3.00445	-0.0857565
-1.6682	-0.334462
0.231691	-1.88653
3.07525	-1.21418
0.989683	1.69195
-2.48877	0.880746
-0.438375	0.114989
-3.39201	0.344054
1.36605	-1.33545
-2.10098	-0.765186
0.972783	-0.215476
-1.42223	-1.65747
1.5193	0.634553
0.339943	1.69218
-0.266176	-1.58187
0.430838	-0.376712
1.20573	-1.49463
-2.47301	-1.37496
2.00803	2.0078
-2.98024	-0.781858
1.34733	-1.69081
-0.883943	1.05477
-0.635923	-0.386532
1.89886	1.53391
0.59687	-0.126408
3.28216	-1.2473
2.88455	-0.073424
-2.48968	0.948346
3.64688	-0.181904
-0.447967	-1.21532
1.27105	-0.785283
-1.84245	1.97035
1.88516	1.7632
0.521733	0.0745659
-0.25019	-0.377169
-0.140111	-1.34458
2.7916	-1.53026
-2.31634	0.264578
0.89422	-0.74486
-2.5888	-0.533609
-1.45626	-1.36856
0.940353	-1.03399
-2.92452	-0.914089
-2.47689	-0.649169
0.846489	0.457559
0.288786	-1.88128
-0.968215	-2.16515
0.0067372	-0.57289
-2.41569	-1.8879
2.6395	1.13859
1.63805	1.49098
-1.8557	-0.309569
-3.65464	0.0560672
-3.47628	-0.263208
2.0907	0.219587
0.478798	-0.829361
-1.66135	0.468978
-2.41272	-0.776833
-1.31946	-1.91005
1.44439	-2.1309
-1.30941	1.61453
-0.0284333	-0.994707
-2.04411	-0.371459
-2.16584	0.894449
2.82951	-0.122297
0.0825592	-0.498439
0.321216	-0.642546
-0.40526	-0.144678
-2.37846	0.341998
3.06474	-0.701925
-0.65465	0.466465
-2.74295	-1.66249
-3.64345	0.575402
-1.85593	0.759476
0.718825	-0.889881
-1.86346	-1.79038
-0.443856	-0.708091
2.53147	-0.660588
0.658761	0.55325
1.87054	1.32814
-0.947204	-2.00711
0.866358	1.42772
-1.90457	-1.39369
0.327382	0.427869
3.35433	-0.879376
2.81855	-1.00795
1.27013	-1.94865
-2.26495	-0.209082
-1.83788	-0.47286
1.89978	-1.10639
0.973468	-2.01031
0.585451	-1.21989
-0.686852	-0.635238
-0.423987	0.603493
1.29206	-1.31855
-0.86887	1.60083
-1.32106	-1.88562
-0.683654	1.24661
-0.928706	-0.854711
-1.51907	-1.98017
-2.99463	-1.0888
-0.715399	1.18518
-2.32753	-0.714029
2.09778	1.87831
0.365978	0.112705
-1.55538	-1.96875
0.435634	-1.86666
1.03353	-2.09664
-1.29343	1.43228
-1.42863	0.132118
3.20839	-0.973468
-0.015644	1.40762
3.28193	-1.26465
-1.19568	-1.16325
0.197891	-1.19842
1.19956	1.46997
1.18769	-1.9386
0.325327	0.887826
0.402291	-0.450022
1.40122	2.15533
-1.55218	-0.902214
-2.42391	0.741206
-3.38447	-0.439745
-0.459614	-0.988541
-3.40571	0.902899
0.515339	1.57959
-1.7141	-2.1044
-0.539547	0.108823
-2.34923	1.34184
1.9539	1.56977
1.94134	-1.84793
-1.08195	-1.76138
-0.0802754	1.16211
-3.38858	-0.204286
0.371003	-1.99889
0.786197	-2.03886
0.95063	1.31786
-2.68312	-1.1781
-2.67604	-0.382422
-2.50727	-1.12214
0.566952	1.59694
2.12541	1.23314
3.08164	-0.174139
-0.436548	-1.23702
-0.0688565	-0.59413
-0.782771	2.05507
-1.6867	1.78262
-1.29183	0.0599496
3.42033	0.979634
-3.25087	-1.23017
-0.189898	1.46928
-1.22377	2.11422
-0.505975	1.46722
-1.99524	-2.00757
2.62785	-0.139883
0.753082	-0.614684
-1.29663	-1.04975
3.42764	1.07099
-2.42825	-1.45946
1.80454	-0.000342569
0.864074	1.46563
1.61773	1.66386
-0.758335	-1.75498
2.42756	-0.385619
0.111107	-1.06642
0.304316	1.71936
-0.177794	0.138055
0.819769	-1.43228
2.61643	-1.01755
1.88242	-1.74265
2.06078	-1.36628
-1.53345	1.03399
-3.60212	-0.489075
1.15526	1.28521
2.62831	-1.23862
-2.46479	-1.86438
0.423758	1.37085
-0.765871	-1.32814
-1.94066	-0.54617
0.174825	0.854939
0.986714	0.315506
0.967302	-0.459157
1.67528	-0.3573
2.5639	-0.28399
-0.592988	0.506203
-1.739	1.5298
1.51267	1.70314
0.250875	-0.777062
1.38501	0.246764
-0.568779	-1.81231
-3.03505	-0.0510428
-0.0505861	-0.0334576
-2.19119	-1.95801
1.56451	1.67596
2.47575	0.982147
1.04792	0.484051
2.83408	1.11278
2.41614	1.54533
0.305914	1.95299
-2.26564	1.14475
-0.938298	-0.208168
-1.20253	-0.566952
2.34671	-0.0234089
2.97179	-1.16987
1.63714	-0.0884971
-1.36697	1.11872
-0.111792	0.599611
0.891708	-0.237172
1.01755	1.79038
2.29875	-0.709461
1.59557	0.499352
1.12854	-0.86613
-1.33202	-1.7849
-3.32258	0.313908
1.33636	1.01229
1.76823	-0.245394
2.04891	-1.18312
1.61978	-2.03018
1.24478	-1.62184
0.507345	1.0413
-1.28064	-1.84976
2.04503	-0.320302
3.11361	-1.24935
1.91348	-0.33469
-1.41219	-1.4807
2.86651	-1.57068
0.487705	-2.03224
-2.92018	-0.861334
3.21753	0.0955769
2.50064	-0.509857
0.246993	1.55926
2.54358	1.67756
-0.426499	-0.612628
-0.215019	-1.14909
1.06276	-1.44918
-3.0588	-0.949945
-2.19119	-0.762674
-1.72507	1.21806
0.459614	0.574032
-3.3171	0.448195
-2.56185	1.73397
-1.1934	1.6618
2.62945	-0.390187
2.14597	1.04906
-2.21859	-0.442257
0.386304	-0.478569
0.222099	-1.92444
0.926879	-1.29434
3.40937	0.188527
3.31185	-1.22149
1.05089	-0.0398522
0.930533	-1.665
0.522418	-1.33339
-0.0704551	-0.463268
-0.959994	-0.893764
2.7667	0.207483
-1.49965	1.65176
2.07654	-1.84131
1.45603	0.1867
1.45626	1.35212
-1.75293	-1.67322
-0.692104	0.977122
-3.56215	0.418049
0.929162	0.199033
1.49623	-0.521962
-1.40762	-0.166375
-3.6953	-0.180534
-0.153129	1.14612
-2.35105	0.342912
1.76366	-0.565582
2.8407	0.454361
-3.40457	0.0485307
-0.851057	-0.50392
0.0681713	-0.795789
0.38973	-0.27554
2.87724	-0.539775
1.78285	1.04678
-1.24227	-1.04678
1.43571	0.877777
-0.420789	1.89155
-2.09344	0.0807322
-2.11148	-2.03863
-0.837582	-1.64216
-2.59907	-0.948118
-1.92376	-0.658076
3.38904	0.292212
-1.91805	-1.76983
-3.09466	-1.29046
3.01952	-0.0718254
1.10981	-1.26968
-0.566039	0.341542
-2.14026	1.37679
-1.62252	0.625874
0.0599496	-1.82464
-0.798986	0.957253
-0.596642	-0.883715
3.46989	-0.236715
1.90549	-1.16919
-2.35539	-0.177337
1.72324	-1.00384
-0.521962	-1.25049
1.86255	0.104027
3.1586	-0.704665
-2.73793	-1.66957
2.43692	1.49623
2.46273	0.251103
-2.76465	1.13676
0.70124	-1.26785
1.45352	0.723164
-1.79289	0.769753
-2.14917	1.08789
0.643231	-1.08081
2.65137	1.4268
-0.61377	-1.30941
-0.434949	1.96441
1.73534	1.46289
-0.112249	0.120699
-1.06984	0.421475
1.6296	1.3455
0.673149	1.24935
0.556904	0.24174
3.21684	0.374885
1.18266	-1.62709
0.422388	-0.782771
-3.08347	-1.42726
-0.25156	-1.16348
3.32761	-0.724991
2.72468	1.00087
0.728417	-1.59375
3.03733	-0.966617
-1.6988	-1.62435
-0.919571	-0.779117
3.11087	1.40693
1.46494	-1.95367
2.15876	-0.243795
-1.09451	1.55584
1.92992	-1.38524
-1.31923	0.00970613
1.35258	-0.762674
2.26427	-0.386989
2.59885	-0.739151
1.56314	1.57685
-0.910892	1.41652
-1.73763	0.490445
-0.761303	-0.47423
1.5684	0.215248
-2.25925	-0.572662
-0.969586	1.05523
0.264806	1.29457
-0.233061	-0.315278
-0.0754795	1.07076
1.80294	-1.70337
1.36651	1.99455
2.23778	-0.127322
1.5636	2.10098
-1.78262	-2.0738
-2.64977	-0.743261
1.76823	-0.631812
-0.109051	1.47796
2.60593	0.265948
3.40411	0.818855
-0.249048	-1.02325
3.55484	0.867043
0.926422	-2.00529
-0.634096	0.267547
2.73062	-1.20801
-0.479026	-0.877777
-0.227124	0.63067
-0.712887	1.50902
-1.63463	-0.799214
-2.13569	1.12329
3.1481	-0.289243
-0.269831	-1.42064
1.9909	-1.13128
0.494099	0.785512
1.1057	-1.16531
-1.86735	1.9539
0.448652	-0.805381
1.18221	-0.186472
1.69423	1.27698
2.4303	1.17695
-2.70961	0.660816
-1.29434	-1.87808
-3.13668	0.992195
-2.22522	1.797
3.43746	-0.154956
-0.903127	0.3235
3.41576	0.083016
-1.41584	0.934872
1.4421	-0.373743
-1.62846	-1.49075
0.469663	1.94568
-2.04914	-1.33682
-0.0033115	1.60745
-0.710832	-0.994479
-0.223013	0.287644
2.54678	1.12214
-3.08141	0.268003
-0.696215	-0.918429
1.1178	2.10783
0.346566	-1.90252
-1.99752	-1.37564
0.188299	-1.91896
-0.810405	0.143765
-3.2696	0.341313
-3.00993	-1.32951
-2.53033	1.55401
1.94157	-0.0926079
-1.49372	-0.552108
-2.33735	-0.0604064
-1.51678	2.0585
-2.76739	0.333777
-2.08705	0.676118
0.25156	-1.64856
2.57555	1.86141
-0.638207	0.121155
-2.73268	-0.355016
1.48298	-0.396124
1.48732	-1.49783
1.59786	-0.62222
-2.33347	0.651453
1.35349	1.8002
-2.51663	0.428326
-3.15883	-0.740064
2.28734	0.864531
-1.74174	0.643231
1.54921	-2.12496
2.81512	1.76001
-2.73587	1.49166
-2.99691	-0.7999
-2.29396	1.93312
1.0333	-1.05272
-1.02234	0.742805
-0.800585	-1.71479
1.74493	0.104484
3.41142	0.186015
2.74341	-1.18997
-2.67147	-0.232605
-1.81025	-1.39095
1.19819	1.49965
-1.8002	1.73237
-2.42756	1.41196
3.66584	0.412568
3.66401	-0.302032
-2.16995	1.90868
1.95253	-0.427184
0.0645172	1.64536
-2.76876	-0.29381
3.4233	0.683654
3.2374	1.09679
1.9603	-1.45466
0.15016	-1.53505
-1.10524	0.94218
-2.29327	1.10022
-1.46517	-1.89544
-2.34512	-1.9032
-0.832786	0.968444
0.0514996	1.86369
1.28475	0.377626
-2.57007	-0.797844
-1.7358	-1.44804
-1.50491	0.729787
0.574946	-0.707634
0.576544	1.25026
0.965018	0.364608
-0.982832	1.3793
-2.856	-0.898331
0.92391	-0.165004
2.6548	-0.974153
-2.97841	1.22217
-3.23785	0.228265
2.2323	-0.196521
-1.96235	0.764044
-0.131432	-1.32426
0.0414509	0.0206684
-1.16873	-1.026
1.94454	-0.277824
-0.123896	-0.474915
2.40564	0.510999
-2.09436	-1.52592
-1.1379	1.7189
-1.17262	0.854711
2.25742	1.73945
2.82037	0.364836
-3.4402	-0.460984
3.24196	-0.175053
0.662643	1.84222
1.81139	-1.18335
-2.73199	-1.35029
0.376712	0.567181
0.979634	1.62458
1.19888	-0.850828
-2.38577	-1.37724
0.232605	-0.300662
-1.98679	0.569693
-3.40114	0.0279765
-1.69994	-1.72507
-1.40876	-1.10958
-3.10494	0.140568
1.96075	-1.68693
-1.81619	-1.63303
-2.54952	-0.476742
-0.178022	-0.502549
1.99752	-1.09588
2.40107	-0.383107
-0.386989	-0.113847
-0.945834	0.384705
1.32586	1.7221
-0.316648	-0.797616
-2.51183	-1.18746
-2.47986	0.96616
2.76374	-0.466922
3.02683	-0.950402
1.04769	-0.306143
-0.741206	0.119785
-0.374428	-0.320759
0.235345	-0.743033
-2.91058	0.992424
2.16492	0.879832
-1.11895	1.19979
-2.09321	0.197206
2.143	0.472175
2.1615	-1.7543
-0.68845	1.18837
-2.36224	-1.21395
-0.0345995	-1.91097
0.775463	-0.842378
0.905639	1.61133
-2.4102	-0.483822
1.08834	-0.501407
-2.07677	1.34824
1.81162	1.45877
2.57898	-0.75057
-1.96167	-2.04891
-0.582254	-0.224155
0.472175	1.06162
0.959309	0.840094
-1.4437	0.188756
-0.370774	-1.69629
-0.541831	-1.46722
0.730701	1.665
-0.922768	1.99501
1.66523	-0.533381
-1.97468	0.68845
-0.655564	-1.77371
-0.828904	-1.92741
-2.71304	0.0588078
1.37793	-0.655564
0.94789	0.403433
-1.79061	0.586365
1.99524	0.230778
-2.64703	-0.359355
0.356158	-0.0250076
-2.50224	0.839866
1.06847	1.43502
-1.15686	1.32061
-0.382193	-0.259782
0.296551	-1.79381
-3.62884	-0.308883
2.55819	-0.517394
-1.43982	1.26739
-1.21121	-0.901757
1.36171	-1.60448
2.23024	-0.431295
3.23397	0.225982
-1.81025	-1.21783
-2.52417	-1.78947
-0.349763	-1.6159
-0.286959	1.77211
0.255214	1.0091
-1.70474	2.16218
1.56863	1.96829
1.73717	0.0850714
1.10479	0.915916
1.03833	-2.16584
1.35235	1.14019
2.49288	-1.42269
-0.718825	-1.46745
1.09017	-0.824336
0.242197	-0.989226
-2.73336	-1.14315
-2.44492	-1.40762
-2.51366	1.94454
-1.63303	-0.714029
-1.39597	-0.390643
2.86765	-1.51518
1.38729	1.88425
-2.56071	1.33157
0.060178	0.900158
1.93175	0.0907809
-0.197663	-1.9402
-1.93654	-1.75521
-1.73626	1.55743
0.18259	1.68852
-0.063147	0.938298
2.29967	-0.926422
-2.01008	1.96783
0.315278	-0.826392
2.88478	1.30941
2.23504	-0.149018
-2.30629	0.3573
-2.02904	2.03817
-0.892622	-1.19317
-2.97955	-0.682284
1.08172	1.01024
-2.23001	-0.42353
3.56923	0.607147
1.64673	-1.86209
3.05012	-0.679315
-1.26374	-1.74585
3.06976	-0.251103
-1.3069	1.51381
0.75194	1.11232
-1.59215	-0.0857565
1.3455	1.10045
1.17147	1.90549
-0.846261	-2.1261
0.265263	1.53848
1.2256	-1.35829
1.04312	-0.793962
2.10897	-1.12968
-0.828447	0.129605
1.23679	-1.24181
-1.0164	0.303859
2.07723	-0.495013
1.78193	-0.383107
1.17399	-2.12884
-3.24151	1.07418
2.87587	1.2055
-2.23686	1.36445
-0.862476	-0.111792
3.34633	-0.0542402
-0.941495	0.416222
2.94004	1.19568
-1.84633	0.748971
-1.89041	0.245851
2.2935	0.739151
-0.419419	0.246079
-0.417821	-0.541602
-3.2109	0.922311
-0.917743	0.296094
0.755822	0.99859
2.27021	-1.94933
-1.11758	-0.101286
1.48253	-0.536806
-2.80416	1.62184
3.37008	0.0942066
1.32312	-2.16424
-1.57114	-2.05918
2.65571	1.43411
3.24836	1.03011
1.25255	-1.06619
2.59748	0.0325441
1.04038	1.30371
3.60965	0.0154156
1.30416	2.02264
0.691876	-0.262751
-1.32883	-1.121
2.92543	0.904497
0.930761	-0.97324
2.67193	-1.55195
1.47111	-0.0693132
0.448195	-0.949945
-1.74356	-2.1905
-2.59999	0.907238
2.64292	-0.873895
-0.511228	0.240826
1.86324	0.835984
0.0471604	0.0339144
0.5448	-1.10456
-3.43928	-0.328981
-1.43479	-1.74539
-0.457559	-1.31444
-1.27881	-2.01237
0.574489	-0.119557
3.22575	1.12603
-0.664699	1.4469
3.18647	1.14978
0.323728	-1.75316
0.687537	0.975752
-0.214563	0.427412
-2.85166	-0.278966
1.77028	-0.035513
-0.134858	0.374428
1.69949	1.83583
-2.11377	-0.640034
-2.86651	-0.795789
-3.31847	0.0320873
-0.34177	1.52363
-1.16691	1.41219
1.70428	-1.00384
1.97217	-0.738009
-2.28893	0.75331
-2.79411	0.902214
-1.01138	-1.18312
3.00353	-0.166603
-2.99349	1.23428
1.62732	1.4252
1.68282	0.930533
2.22567	-0.832101
2.04411	1.32609
-2.78977	-0.0343711
0.47423	-0.737324
-2.67581	-0.241511
-0.708091	1.32837
3.01747	-1.38227
1.48527	0.854254
-0.73778	1.84519
-2.54381	-1.02348
0.383564	1.56748
-2.06695	1.84748
-0.861562	1.2747
-2.03429	2.07426
-2.01191	0.564669
2.9711	1.08149
-1.65472	-0.567409
-2.66919	0.289243
0.386761	-0.0199832
-2.02767	-0.633182
1.96258	-1.83081
3.19743	-0.251789
-1.48755	-0.29107
-0.560329	-0.814744
0.623134	-0.40092
-2.03589	0.467836
3.51054	0.922083
-1.29434	0.306371
-1.14087	-1.97057
-2.38782	-0.767013
0.764272	1.06505
2.92543	0.970042
-1.41927	-0.539775
-2.43692	-1.50171
0.834613	1.95116
1.20071	-1.69743
0.73504	-0.431067
2.51366	0.888968
-2.88592	-0.040309
-0.99722	0.267775
3.70215	-0.156097
-2.35197	-0.204286
-1.56474	-0.738465
0.238543	-1.32609
0.120699	0.0510428
-2.71715	-1.1105
0.393841	-0.793048
-2.9654	0.690049
-3.31185	-1.07076
1.03764	-0.249048
2.88683	1.31033
-0.3911	0.952229
-1.21075	1.73466
-1.61978	-0.689821
0.750113	1.72963
0.0192981	-1.27128
0.438831	-1.37039
-0.568323	-1.15914
-2.32365	-1.2932
3.14833	0.474687
0.118186	-0.49958
-1.8235	1.44484
3.44773	0.146962
3.00034	0.760847
0.41645	-2.02242
1.65838	1.31444
-3.21524	-0.437918
-2.35608	-1.3914
0.403889	-1.23588
3.05035	-0.419191
0.337202	-0.735268
3.59435	-0.645972
2.38394	1.10684
1.18403	-1.63097
2.71235	-0.90267
-0.137142	0.790079
-2.83773	-1.61521
1.44233	0.987856
1.65747	0.315506
0.490902	0.683426
-3.71174	0.123211
1.64056	0.0663443
-3.52515	-0.889653
-1.13242	0.675433
-1.81368	1.8356
-1.05272	-0.0974039
0.820911	1.46494
-0.272799	-0.893992
1.70109	-1.26716
-1.3592	-0.976437
0.688222	0.693246
-1.79198	-0.215476
-0.240826	0.278052
0.0172427	-1.18655
2.59085	-0.722707
0.769297	1.01161
-0.632726	1.01298
-2.13364	-0.0430496
2.95557	0.741663
0.649397	0.133031
0.757193	0.501407
-2.64612	-1.29754
-2.62077	1.34915
-1.38638	0.415993
-0.486563	-0.846489
-1.48732	-1.02851
-2.67238	0.676575
1.05706	-1.35189
-2.56642	0.829132
-2.01442	1.9539
-2.89209	-0.770667
-3.4	0.777518
3.01358	1.21121
0.657162	-1.73991
-2.60296	-1.21487
3.11042	1.38684
3.12458	-1.36811
1.33157	0.976209
-2.59314	-1.17513
2.04434	-0.468521
1.68647	-0.705579
1.18929	-1.16736
3.27759	1.01823
1.67802	-0.713572
2.13432	-1.8372
0.909065	0.249276
3.1513	-1.26557
-3.34176	0.117501
1.38455	1.98656
2.84184	0.796017
-1.37176	0.597784
2.42185	-1.77417
-1.36902	0.824336
-2.62671	-0.568094
3.63683	-0.351819
-2.60456	0.603036
1.80454	-1.11209
-0.363466	-1.95116
2.96973	-1.36742
0.204742	-1.69606
-0.521276	-1.97948
3.42398	-0.436776
-0.830046	1.34618
-0.73504	-1.33339
-2.25628	-0.179849
-0.832329	-1.00704
2.61278	-1.11826
1.09565	0.676575
-3.6213	-0.684111
0.423302	-1.30827
-0.741891	0.563755
-2.31474	1.6956
-3.15815	-1.25986
0.687308	-0.64757
-2.80484	1.71639
-2.81375	-1.51222
-0.619936	1.15001
-1.51176	-0.867272
0.402291	-0.755822
-0.851742	0.746002
1.79792	1.99661
-2.20672	-1.77028
3.3308	1.25163
1.41378	0.906553
-1.11027	0.00399664
-2.56893	-0.702381
1.37884	-0.417821
2.70618	0.581569
2.57464	-1.18289
2.51389	-1.82829
-2.26815	0.406402
-3.06291	1.49851
-2.11011	1.11735
2.87085	-0.526072
-2.11628	-0.455732
1.65838	0.181676
1.9064	-0.986714
-0.352276	-0.705579
-0.149931	-1.52135
1.61613	-0.849001
-0.150616	1.60243
-0.15016	-1.92284
2.7932	-0.593673
-0.943779	-0.00902099
1.88767	0.988541
-0.0821025	-0.42216
-0.357072	0.366207
2.4609	1.06528
-3.23602	-0.226667
2.63287	1.57982
3.11476	-1.07966
-1.63486	1.73466
-3.46121	-0.655564
-3.53543	-0.710146
-2.69636	1.58758
-3.5601	0.67863
3.15701	0.373972
-2.42984	-0.129377
-0.949488	1.31353
-2.89939	-0.200175
2.44218	-0.566952
-3.28901	-0.562613
2.05941	1.6449
-0.58568	1.04609
1.65084	1.14955
1.40168	0.0846146
-2.0062	0.771809
2.54586	1.43457
-2.95557	-0.0444198
-1.18563	0.372601
2.16835	0.942865
-2.43578	0.101286
1.70999	1.24341
2.01465	-2.08522
1.47042	0.111792
-0.0779916	0.68708
3.09489	-0.892165
1.56269	1.3133
0.187385	1.48161
0.777062	-1.16645
0.794875	-0.926879
-0.500266	-0.912719
-3.39201	-0.169115
-0.397038	1.91416
2.56527	1.81048
-3.03094	-0.965018
-1.53848	0.507802
-2.08202	0.168202
-1.66317	-2.20466
0.818855	0.208396
0.991967	1.02143
0.566952	0.790536
2.61803	-1.84017
1.61681	0.371459
-0.458472	-0.681827
1.67985	-0.995164
2.77607	-0.0624618
-1.86461	0.242197
2.86445	1.56383
1.57753	-0.555533
0.857223	-1.19751
-1.64422	0.0416793
0.590932	0.353874
2.13524	-1.32106
-2.25605	1.77531
1.82601	1.73283
2.24372	1.95641
-1.05157	-1.06208
0.367577	-0.124353
0.0967188	0.326012
-2.22248	-0.385391
-2.88272	-1.05706
3.21867	1.07555
1.50057	1.69812
-2.91995	-1.70839
2.69979	0.0371117
-1.61293	-1.00567
1.6022	1.82989
-0.393156	-0.816571
0.738009	2.07357
0.673834	-1.15389
-3.39224	0.0414509
-3.34656	-0.639577
-0.0441915	1.76046
-2.61894	-1.81139
-0.878462	0.796246
2.36521	1.88904
-2.82882	-1.09451
0.0569807	-0.847403
0.467607	0.669495
-1.00932	-0.665384
2.43784	-0.673834
-2.1309	-0.0129034
0.0802754	1.26876
-2.33918	-1.90046
3.34999	0.505062
-2.20124	0.247906
-3.25498	-0.118643
0.929848	0.53635
0.157468	0.115674
-2.54609	-0.921626
1.32631	-2.12724
2.97796	0.80972
1.92535	-1.35075
0.427412	1.59763
-2.16789	0.753767
3.371	-1.13973
-0.816343	0.925052
-2.32707	1.33111
2.80347	0.169115
-2.07997	0.800813
-1.87283	1.06916
2.98298	0.843063
-2.49379	-0.0343711
2.22727	1.8171
-3.33971	1.21281
2.37275	1.55561
2.99166	0.219815
0.689364	-1.03285
2.20649	-0.721337
-0.290613	-1.56543
-1.24615	-0.0371117
3.65807	0.228951
-0.294952	0.980091
2.68951	0.701011
-0.945606	-1.76663
-0.165689	-1.6111
-3.53292	0.812232
0.428326	0.761532
0.542744	-1.53597
2.85075	-0.336974
-0.290613	0.595271
-1.1347	0.494556
-2.60181	1.79107
-1.87831	-0.122982
-1.77919	1.20048
-1.20185	-2.08682
0.400007	1.37816
-2.0279	-1.31718
1.71296	-1.42589
-3.14444	-1.30736
1.07099	1.69697
1.4928	0.323728
-2.28391	-0.0478455
-1.65244	-0.53064
-2.59473	-1.52249
3.04647	-0.0663443
-0.881659	0.815201
-0.246307	-0.856309
-0.0729673	-0.996763
-1.10501	-0.0827876
-0.130062	1.81139
-0.821596	-2.07768
1.70337	1.5869
-1.93015	1.87488
-0.754224	1.21601
-2.26655	-1.05066
2.11582	-0.455046
0.421703	0.210223
-1.00795	0.352047
-0.133031	1.98587
-1.33591	1.41835
-2.00437	1.26054
0.0542402	0.81246
2.28597	-0.564897
-0.452991	-1.33933
-0.198576	-1.44028
-2.69317	-0.360497
-2.64521	-0.0103913
1.17353	-0.225068
2.79891	0.0891822
-0.699413	1.65381
-2.23709	0.977122
-2.01785	1.24615
0.433807	0.469891
2.07654	-0.418506
1.66523	-1.37884
-1.3608	0.662872
-0.621078	0.485421
3.47194	-0.815201
0.325784	0.659903
0.140111	1.69286
0.0147305	1.26534
1.43731	-2.16378
3.19697	0.191496
0.679087	0.603493
0.355244	-1.9064
1.00361	1.4236
-3.52424	0.598926
-0.600067	0.569693
-0.738922	0.155184
2.60798	-1.72826
3.05857	-0.392699
-1.70428	0.378996
-1.14681	-0.294267
3.17459	1.35966
2.04434	-0.131204
1.60905	-2.17589
1.62869	-2.0955
1.20619	0.250418
2.077	-0.96753
-0.220272	0.463268
-0.977579	1.87945
-2.85463	-0.153129
2.31817	-1.48687
-0.362324	1.77257
-1.19454	1.11735
-0.962963	1.77165
0.135772	0.118643
-0.455732	1.28361
-2.06832	-1.31809
-3.2173	-0.843977
-0.799443	0.229407
3.56215	-0.692561
-0.75902	-2.13044
2.91378	0.605549
-0.750798	-1.74334
-3.55758	0.574489
-1.9877	-0.346794
-1.37268	-0.941952
-0.452763	-1.21578
-1.99432	1.63417
-0.621763	-1.14019
0.139426	-0.0834727
-1.39506	-2.15236
1.68852	-1.51016
2.4472	1.59763
-0.0140453	1.67482
1.75019	1.71068
-0.78437	1.92353
-2.65937	-0.836669
-0.289471	-1.78376
-2.55066	0.631127
3.21319	0.682741
-2.53878	-1.17513
2.42573	-1.36126
-0.658533	-1.8557
0.491815	1.62366
0.235574	-1.11621
0.706721	0.951544
-2.74935	0.922768
-2.39856	0.823423
-0.0455617	-0.900387
2.21448	0.292668
-1.98793	-0.465323
3.11772	-0.734811
2.31885	2.02995
2.58217	0.0373401
-2.87998	-1.39871
1.78741	0.657619
0.798986	0.131432
-2.27066	0.00810748
-0.8844	0.197434
1.67802	1.95253
1.38843	0.237857
-0.744175	-0.597327
-1.10113	-0.26572
-1.88767	0.0151872
0.384705	0.6969
-1.98519	0.466694
-1.65678	-0.328752
-2.42733	-0.871382
2.18594	0.543658
-0.723392	-1.33522
2.85577	-1.22811
3.4491	-0.606234
2.92086	0.229407
-2.60067	-0.747601
0.942408	0.778889
1.89429	-0.834157
3.32007	-1.2473
-2.27729	0.117958
-1.89955	-0.934187
1.29548	1.36765
-1.17033	1.15229
0.86613	-0.585908
2.06626	1.3994
3.46418	0.827762
0.0556104	1.85479
-0.8844	-0.221642
0.485192	1.54556
3.66926	0.45459
0.550509	0.665612
-1.35144	0.283762
0.75331	-2.02516
-3.26823	0.445454
-2.16013	-0.466694
-2.1921	-1.7189
1.48161	1.84108
1.7052	-1.78559
-2.59748	1.60494
1.37861	-2.07152
0.199946	0.444541
-2.90305	-0.589562
-1.07053	1.31946
-0.14308	0.551879
2.93479	-1.5282
-1.8726	-2.17109
3.69141	-0.269145
1.09999	0.974153
0.979863	1.03582
0.329209	0.593673
1.42292	-1.80066
-3.1111	1.17673
-1.11324	0.882801
1.3455	-2.09047
-0.578371	-0.11065
-2.36339	0.960222
0.53064	1.68007
3.55644	-0.858136
3.46966	0.988998
-2.75049	0.162492
3.44385	-0.0339144
-2.0368	-0.396581
-2.14665	1.20322
0.212507	-0.38973
-0.60532	2.01625
0.695758	0.886912
-0.0261495	0.907695
0.0681713	1.72095
2.07152	-1.09748
-0.471718	-1.09725
2.10669	-0.544114
-2.53444	-0.750113
-1.298	1.58096
1.0059	-1.85433
2.51435	-1.21783
-1.43959	-0.883943
0.972098	0.106767
-1.09131	1.64719
-0.963876	-0.344282
1.86506	2.07357
-1.74767	0.0135886
2.37914	1.4606
-0.669952	-1.85501
-2.40906	-1.4453
3.16409	-0.73641
-0.113619	1.33088
-0.975067	1.65609
-0.655107	0.15861
3.23762	0.381737
-3.45847	0.703295
1.58119	-1.19956
-0.924138	-2.12359
-3.57288	0.697586
0.0992309	0.404118
-2.34534	-1.09428
0.89148	-1.98884
-0.295181	0.86042
1.38067	1.0413
-0.89285	-1.62435
2.48991	-0.839409
1.39894	1.2224
-1.41036	0.288329
-2.75711	1.23222
-2.05188	-1.72301
-1.85159	2.07654
0.196064	-1.8509
2.44674	-1.2811
-0.643231	-0.782314
-3.31984	-0.483137
-1.83103	2.00734
-0.817713	-1.55104
0.0044534	-1.55538
-2.36727	1.81984
-3.10722	0.975752
-1.91553	-1.54282
2.0955	-0.881888
-0.402747	-0.704894
-1.62892	-1.83218
-0.571292	-0.186472
1.47065	-1.75087
-1.69583	-1.11484
0.570835	1.90137
-0.179164	0.719282
1.65655	-1.05043
1.04449	1.96738
-2.47095	-0.710603
-1.34618	-1.81253
-0.67018	0.0161008
1.77965	0.146506
-2.65503	0.33195
-1.02622	-2.16972
-2.72788	-1.82669
2.13661	-0.912262
1.35372	-1.834
0.527214	-1.71662
0.24448	-1.51907
-1.15731	0.29107
-1.49988	-2.02561
1.36971	0.977351
-1.59123	1.8404
2.25902	1.3809
-1.12785	0.178022
-2.25011	-0.0528699
-2.44195	-0.75468
-2.05142	-1.49326
2.17977	-0.792135
0.327611	0.69553
-0.625418	0.266633
-1.7052	1.08515
2.04274	-1.0687
-0.670637	0.691876
-1.9201	0.24448
3.27713	-0.713572
2.1261	2.10189
-0.280564	-0.871611
-1.67071	-0.256813
-1.63851	-2.05667
-3.08301	1.25369
-2.32593	-0.859735
-3.18966	0.966617
-1.89338	0.732071
-1.76709	0.864759
-0.0382536	0.762902
-0.674519	1.71228
-0.682969	-0.912491
-0.675661	-2.10235
2.94964	-1.5531
0.626559	0.063147
-2.11308	-1.10342
0.172998	1.47408
-0.868413	-0.733213
0.161122	-1.20208
2.90899	0.43198
-2.82426	1.07281
-0.0818741	1.55881
-0.490217	-0.136685
-3.01473	1.46563
2.71692	0.910435
-1.27287	0.0677146
2.25925	1.31467
0.648484	0.939211
-0.0147305	-1.41607
1.65747	-2.13204
0.211137	1.93906
-0.756051	-0.36004
1.41127	-1.42589
2.55865	-1.67985
-2.08271	-0.866815
0.0706835	0.132346
-1.01458	-1.06802
-2.92611	-1.25369
1.63097	-0.607604
-2.47164	0.602808
1.68647	0.408457
-3.30226	-0.905183
-1.00613	1.42292
3.6277	-0.493414
-0.462355	1.62001
0.770439	0.580427
-2.56505	0.0809606
-1.8388	-1.05797
-0.589562	1.05454
-2.24623	-1.32038
1.40122	-0.127322
1.20824	-1.86483
1.78444	0.154499
3.07662	0.780487
-3.45573	0.949031
-3.14467	-0.0197548
1.89521	0.0414509
-0.402519	-1.63074
1.9957	-1.97537
2.02721	2.1092
1.94522	1.50399
-0.716084	1.62024
-3.67406	-0.320759
-2.02813	1.82121
0.510314	-1.62184
-0.324413	1.50285
-3.63135	-0.632954
0.685253	-0.577686
-3.01267	0.26138
-0.453904	2.03612
-3.02523	-1.27447
1.45672	0.402747
0.928249	-0.183046
-1.89544	1.69355
1.10776	0.429011
0.200631	0.15427
-1.18518	-0.40937
-3.6535	-0.397723
0.327154	-0.454133
-2.2323	-0.422845
-3.32418	-1.09679
-1.98907	1.07281
1.07555	-1.40556
1.78947	-1.20756
-2.19667	-1.94819
1.02463	1.78125
-2.64406	-1.07281
-2.21882	-0.90701
0.0928363	-1.26671
-0.950173	1.32883
-2.24737	1.01914
-2.03109	0.579742
0.781858	0.725219
2.06284	-0.340171
-1.26168	0.765643
1.18906	1.19751
-1.4405	-0.585223
-0.892393	1.36126
-0.0444198	1.2135
0.672692	-1.69286
-2.54038	-0.765871
0.430381	1.58507
-2.95923	0.653737
3.18989	1.41219
-2.15693	-1.56543
-1.02143	-1.76389
2.52508	-1.40122
-3.13965	1.38432
0.295181	-1.65906
1.33476	-0.361182
1.02463	0.411883
3.07228	-0.582025
3.21387	-0.371459
1.88265	2.10235
1.14909	-0.174596
-1.66226	-1.91097
0.132574	1.22332
2.45017	-1.55218
0.558731	-0.835984
-0.827762	-1.52615
1.03696	0.345196
-2.6146	-0.310254
0.657391	-0.0165575
2.26633	1.80614
-1.58735	0.124353
2.70664	-1.31627
-2.47004	-1.83537
1.25849	-1.34458
-0.00947775	0.918885
0.605549	-1.56177
-2.40541	1.06733
1.65861	1.68533
-2.10372	1.98496
-0.810633	-1.15206
0.655564	0.698956
0.979406	1.89841
-1.38181	1.62915
0.728874	0.235802
0.0304887	1.7406
-0.278281	-1.90868
2.39148	-1.38729
1.69812	1.01001
-2.64932	0.657162
-2.38257	-0.853569
2.42984	-0.455275
-2.47324	-1.73877
1.60676	0.481767
-1.62161	0.111792
-3.13668	0.150388
2.75757	0.706036
0.477884	1.51747
-1.87077	-1.11712
-2.21334	1.33294
1.46654	1.58781
2.16835	1.28886
3.10402	0.520363
-1.26008	1.7881
-3.18144	-1.12443
2.37663	-1.46631
-1.18769	-0.41645
2.82197	1.45512
-1.47499	-0.689592
-1.83195	-1.31581
2.63676	-0.105854
2.77584	1.75087
-1.46563	1.72461
1.47248	0.710146
-0.66447	-2.06056
-2.89071	0.809492
1.80431	0.777062
0.58134	-1.58804
2.62374	-0.0307171
-3.60737	-0.692561
-2.49767	0.773179
-2.58743	1.62869
-0.851285	0.0496726
2.93799	1.18792
0.686623	0.659903
-1.92033	1.88539
1.90594	-1.60973
0.982147	1.01618
-1.20185	0.264121
-3.52218	0.945606
2.4625	1.30919
3.04624	1.41424
-2.51366	0.384249
0.369861	0.285817
0.661958	1.47476
-2.25399	-1.48116
-0.801498	1.79815
2.79388	-1.16325
0.985344	-2.00666
-3.42878	-0.748743
-3.48701	0.497297
3.02911	0.252017
-3.06131	-0.420104
-2.09755	1.38843
1.02097	0.978264
2.84961	1.11712
2.82152	0.714486
1.72689	-0.253844
-0.841465	-0.991967
-1.56771	0.473317
-1.63326	1.52729
-2.8391	-0.31071
0.943779	0.225525
-1.90754	-0.933045
-2.00255	-0.679087
2.20055	-1.28201
1.3576	-0.288786
3.32418	-0.39818
-1.28932	-1.54213
1.82304	-1.32015
-0.941267	0.879832
-1.86072	-0.717911
1.39803	1.74425
-2.96722	-0.587507
-2.24463	1.86278
1.66226	-1.68396
2.41843	-0.223926
-1.17901	0.749884
2.79776	-0.120242
2.10006	1.19705
-0.0396239	-0.355473
1.50514	-1.40762
-1.63531	-0.661045
-0.115446	1.68007
1.76001	0.495241
-0.493871	1.92627
-0.159066	-1.31946
2.5534	-0.28536
1.15001	1.75658
-3.10905	0.491359
0.240141	-0.330123
-0.759248	2.06193
1.97012	-2.01556
3.33857	-0.282391
2.24075	0.374657
1.40237	-2.17041
1.86324	-2.11445
3.56786	0.448195
-0.799214	2.03269
0.912719	1.8879
3.01427	0.528128
-0.162264	1.60676
0.359584	1.16919
-1.5008	0.666526
0.937384	-0.859735
-0.555305	1.40876
-1.15823	-0.152215
-2.04662	-0.0750227
-0.334234	-1.25438
2.87222	0.583167
2.67832	1.70771
-1.69492	-0.833928
-2.67946	1.0936
-0.970728	0.0314022
-3.13417	-0.310482
1.87511	-0.626103
1.9185	-0.545713
1.75909	1.34162
-2.7441	-0.654193
1.09451	-1.91439
1.0598	0.69416
-3.05857	1.12717
-0.104255	-1.0751
1.39825	-2.13318
2.01579	0.204971
1.28315	1.92924
-0.617196	-0.350905
0.732756	-0.0683997
2.04365	-0.919114
-1.90526	0.257041
1.35852	0.848544
0.402062	0.824108
-1.30393	-0.419876
1.92376	0.266862
1.01572	-1.15138
-2.06261	-1.72301
-0.239228	-1.89795
2.37892	1.62344
-0.547997	0.14445
1.84771	0.257041
-1.46928	-0.199033
-3.2141	0.498895
-0.0078791	1.29594
-0.758106	1.39483
2.07997	-1.02006
2.65731	-1.64011
2.73747	-1.21053
-1.51975	0.888739
-1.07852	-1.19226
-0.686167	-1.62275
0.0268346	0.733213
1.07898	-1.83103
-3.14444	-0.745317
0.0718254	-1.8863
-0.633182	-0.604863
2.22499	-1.58986
-0.325098	-0.755137
1.67345	1.6513
3.22849	-0.586136
0.183046	-0.666069
2.76122	1.66043
-1.91713	1.14019
-1.08629	-0.674748
-0.619708	-0.756279
-0.903584	-1.11758
-2.53764	-0.0131318
0.329438	1.63691
2.48237	-0.629528
2.59656	-0.0546969
2.01534	1.53916
3.61262	0.449337
-0.0670294	1.69355
-0.865216	-0.205884
2.08636	1.61247
1.33248	0.578828
0.544343	1.87283
-0.033686	0.89285
-0.865901	-0.0683997
1.91576	-0.991282
-1.29366	0.151758
-0.132803	1.16759
2.42893	1.08789
0.116816	-0.217532
1.60951	1.7068
1.68807	-1.46083
-2.46639	0.667439
0.180306	0.204286
1.37245	-1.77828
-1.13425	0.53201
-0.63912	-1.93221
0.0789052	-0.135087
-1.60676	-1.89704
3.01541	-1.38615
2.58537	0.700326
-0.924138	0.424672
1.27539	1.41767
-3.18213	-0.483137
1.79815	-1.03285
-1.51244	-1.06254
-1.78718	1.79655
3.15221	-0.186015
-2.47621	0.570606
0.0213535	-0.727046
1.11141	0.0722821
-1.29822	0.678858
-0.69416	-0.972555
-3.55233	0.644601
2.12085	0.769982
-2.2259	-1.25004
-3.02614	-0.147419
-0.706492	0.749884
-2.36042	-1.58096
-1.43708	-1.88036
3.51762	0.247221
-0.536578	-1.03033
0.882801	-1.73511
-2.42482	1.13836
-0.38265	1.94385
-2.17794	-1.59032
0.433122	-0.937613
-2.9759	1.48983
3.4708	0.851513
-0.723392	-2.11651
-0.865901	0.361411
2.82928	1.63166
-1.29594	1.97674
-2.15853	-0.447053
-1.68487	0.61514
-1.25871	-0.0514996
0.48131	-0.384249
3.14399	1.2441
0.820682	-0.137142
0.121155	1.41424
1.34687	-1.84976
-0.236487	1.43936
-3.55187	-0.830502
-2.15214	1.49486
1.96943	-1.47476
-3.17893	-1.20573
-0.768155	0.853797
-2.15236	0.596413
2.0062	0.00993451
-0.864303	-0.150388
2.77241	0.95063
-2.26815	0.711745
-3.32075	0.136
2.06215	-1.42269
0.598469	-1.69789
2.36316	-0.564669
-3.1497	0.748057
-1.48207	1.85204
-2.08979	-0.161122
2.63379	-1.84108
-3.62747	-0.650768
-0.474915	-1.44416
0.738237	-1.22537
0.124353	-1.11598
0.384477	-0.631812
0.649854	2.07654
-1.93609	-0.209538
0.904726	-1.14955
-3.57288	-0.146734
-2.18228	-1.71616
-0.849686	1.38067
-2.15922	-0.204971
-1.4469	0.528813
0.63775	-1.36582
2.08591	-0.610801
-1.60951	1.25575
2.40404	1.03673
0.151987	1.52363
1.33979	1.07236
-2.39604	-0.157011
0.466922	0.940581
-3.57837	0.194237
3.08712	-0.973468
1.45398	1.09063
1.56086	-1.92672
3.28535	-0.00650882
2.09755	1.87123
1.61293	-1.07989
-1.19819	-1.76983
-0.909522	1.79769
1.11529	1.90389
-2.07312	0.814744
-2.7498	0.0190697
-0.341085	0.472403
-0.790764	2.07883
1.41378	-1.61384
1.53894	-1.09542
1.96395	-1.20733
-3.49364	-0.560786
-1.06779	1.61202
2.22133	1.2361
2.86103	-1.1548
1.96738	2.08134
-1.41264	-0.221414
2.33986	-1.58872
2.64795	-0.703752
2.43624	-1.07852
2.59291	-1.61841
-1.62161	1.75727
2.26153	-1.37633
1.7036	0.443399
1.04838	-1.54853
-3.25704	-0.982603
3.31984	0.777747
-0.136685	-1.45329
-0.821139	-1.96212
-0.0613199	-0.63067
2.68814	0.480625
-0.0827876	0.490217
-0.261152	-1.3624
2.13775	0.64757
-2.06809	1.77805
2.14506	1.99615
-1.90663	1.14064
-2.95329	0.861562
-1.46677	0.835298
3.54342	-0.0549253
0.768612	-0.585223
2.56208	0.433122
-2.64087	1.27059
-1.96167	0.772266
-0.889881	-0.677945
0.40937	-0.264349
-3.08781	-0.0690848
3.57151	-0.79145
3.31733	-0.831644
2.31794	1.3978
2.32091	-1.72689
0.483137	0.568779
0.770895	0.582939
-1.74973	0.149474
2.94758	-0.392927
-2.0448	0.318704
3.3646	0.685025
-0.85768	1.65564
2.7329	-0.327382
3.29335	1.20048
1.16325	1.40693
0.597327	-1.4332
1.36582	1.02759
1.08081	-1.00818
-0.117045	-0.243567
-0.10357	0.854254
-0.0825592	1.92832
-0.0364265	1.38295
-2.60456	-1.66683
3.41713	0.76176
0.516937	0.755594
-1.66226	1.55721
-2.2581	-0.786882
-1.67756	-1.46654
-0.785512	1.91257
-3.13599	-0.728874
2.60319	0.272114
0.722022	-0.893992
0.19949	1.35258
1.31467	-1.07624
0.899473	-1.06071
2.32228	-1.80112
-2.52713	-0.308883
-2.68883	1.71547
-0.808806	2.12861
-2.45794	-1.31421
-2.98869	-1.61179
2.85075	0.136
-0.148789	0.735725
-3.64208	0.468292
1.6682	1.83355
0.861105	-0.110878
0.0953485	-0.158153
-3.39224	0.794418
1.15343	-1.60288
0.747601	-1.74813
-1.78376	1.92102
1.20756	-1.09656
0.214334	0.808578
-0.838267	-2.03406
-0.661045	1.18997
1.42954	1.29343
0.393841	0.19515
-1.0365	-0.586821
-1.82852	1.97583
-0.672007	0.574261
-0.703067	-0.00628044
0.0435063	0.872981
0.981233	-0.137142
-3.03482	-1.39734
1.28041	1.88219
1.33294	-0.769297
2.38417	-1.47019
-1.60517	1.70474
0.25293	1.0228
0.053555	0.996534
1.63303	0.357985
2.86125	1.31649
0.767926	-1.46585
0.466465	0.0181562
0.226667	-1.65495
-2.37755	-0.88303
1.17239	1.1548
2.66919	0.865901
-3.12435	-1.47179
-0.377397	0.411426
-1.04929	-0.45596
1.11803	-0.850371
2.34877	2.01739
-0.579057	-1.91508
3.09763	0.54891
-2.4472	-0.386076
-0.964333	1.36011
1.48869	0.188071
3.26549	-1.32061
3.20108	-0.504148
0.907466	-0.162035
0.29815	-1.85912
0.332635	0.236259
-3.56649	0.278737
-0.148789	-1.19294
1.98816	1.86872
1.37176	1.75635
0.981005	-0.629072
0.528356	-0.447053
-0.711517	1.38364
2.50795	-0.821139
2.02607	2.08134
3.36574	-0.500266
1.86506	1.63623
-0.42216	0.02889
0.0391671	1.20527
0.918885	1.53688
-1.58438	-1.15412
-1.05203	-0.409827
1.96121	-1.56863
-0.771352	-1.27333
-1.47842	-0.336974
-3.14011	-0.118872
2.15031	-0.205427
1.62892	-1.31878
-1.87054	-0.521048
-2.68769	-0.128464
-2.40564	-1.09382
3.091	0.953142
2.65548	0.118415
1.75658	1.99318
-0.818398	1.91782
-1.82852	0.243338
-1.93517	0.584309
3.66378	-0.0339144
2.64064	-0.511913
1.56177	1.87557
-1.41561	0.756964
3.33331	-0.840094
0.856766	-1.6883
-0.431523	-0.956111
0.869327	-1.78467
-1.79746	1.97605
-3.55507	-0.795789
-1.72484	-1.88425
1.01732	-0.0626902
-1.78148	0.645743
2.34078	0.620165
-1.65495	0.804239
0.499809	2.01145
1.31855	1.14841
-0.717911	-1.7744
-0.888511	-1.04038
1.40054	-0.351819
2.40815	0.89993
-1.05957	-1.07989
-1.09017	-1.27242
-2.98641	1.09063
-1.9909	1.20801
0.5448	-0.22621
-2.48694	-1.10227
2.22293	1.61887
-0.746459	-1.21898
-0.184873	0.188984
0.957253	-1.83035
3.31253	-0.253387
1.64445	-2.17657
2.51435	1.47225
-0.879604	1.38729
-2.8544	0.10928
-0.336061	0.813146
1.04998	-1.37701
1.7543	-0.967987
0.772037	0.257041
-2.26107	-1.44918
2.04457	-2.03909
1.92832	-0.701011
-0.575174	0.478113
2.4641	1.39711
0.0366549	-1.30622
-2.26153	0.746459
2.05096	-1.49943
-3.43631	0.865445
2.97659	1.34116
1.22491	-1.88059
-0.0633753	-0.0373401
-0.802183	0.961364
1.0027	-1.24912
0.666069	-0.837354
-1.98222	0.421246
-0.470348	-0.0183846
2.15191	-0.220044
0.859963	-0.15427
2.67832	-0.978264
-2.33598	0.312994
-1.56109	0.381508
0.772494	0.948118
2.39696	0.0663443
-3.38219	-0.144678
-0.769753	1.25734
1.63166	0.591846
1.23565	2.18297
0.611943	-2.01419
-2.69979	0.796246
-2.58469	-0.698499
3.31847	0.85197
-1.12054	1.73123
-0.371003	0.325784
0.00650882	-0.332407
-2.65457	0.563298
1.31558	-0.554848
-1.02508	-1.70451
1.84725	1.87283
-0.188527	1.16919
-3.2527	0.112705
-1.28155	1.81939
-2.55865	-1.40396
-2.57144	1.41789
1.17604	-0.485649
-0.808578	1.17741
-1.49257	1.9845
-2.45794	0.828675
1.07601	-0.429696
-1.20619	-0.611715
-0.466465	-0.596642
-1.78513	-0.719738
0.590247	0.954513
1.81413	1.5081
2.29875	1.13767
1.04815	1.05523
1.08446	-0.693246
-2.46524	-1.92695
-1.2192	-2.15922
2.5043	-0.169115
1.93061	0.395211
-2.2999	-1.23245
-2.15784	1.04838
-0.308655	1.22857
1.98108	0.741663
-2.78886	-1.18563
-2.21083	-1.50354
2.71418	-0.474687
-2.46981	-0.892393
-0.263664	1.86072
1.7511	-0.505975
-1.99752	0.961821
-3.474	0.829361
-2.86628	-1.57982
-3.37465	-0.751711
0.595957	-0.217532
-1.35304	2.04594
1.55698	-1.56885
3.21524	-0.182133
2.12404	-0.308883
1.07624	1.4083
-2.90533	-1.08446
2.78475	-1.15023
-0.0706835	-0.0910093
-1.38615	0.379909
1.29	-0.905411
2.72788	0.988998
0.933502	-1.81619
-2.63881	1.18472
-1.1749	-0.72933
-2.06056	1.11004
0.232148	-0.370089
-0.728417	1.29914
-1.496	0.109965
-2.1615	-1.2256
-2.57304	-1.09634
-3.34428	0.458929
-1.72347	2.11879
2.19576	0.571063
0.822281	-1.28018
-1.39574	0.983288
-0.9182	0.013817
-3.32601	0.472403
-2.37755	-0.334234
-3.3324	0.181676
0.94926	0.723392
-2.70162	-0.0658875
-0.236715	0.522647
-1.76891	-0.778432
-2.29807	-2.04594
1.43662	1.467
-2.32022	1.79906
0.923453	0.125495
-0.671322	-1.32563
-1.01892	1.72324
-2.35105	0.643003
-1.55652	-1.23496
0.608517	1.04701
2.25399	0.86887
-0.0163291	-0.400464
2.11537	-1.79518
2.03246	1.49874
0.00696558	-1.77873
-2.19142	-1.28886
1.30302	-1.57571
-2.89894	-0.62085
1.43205	1.3318
1.53779	-0.159752
-0.766556	1.92558
-1.89658	0.265263
-3.56284	-0.160665
2.16081	-0.419648
-2.82471	0.703067
-2.4552	1.43754
2.25011	-1.75064
0.758335	0.644145
0.786654	-1.54305
-1.74037	1.93814
3.34313	0.492272
-2.59177	0.59687
-2.46935	-1.17787
1.94614	-0.478798
-2.41454	-1.06573
0.445226	0.234203
-1.97423	-2.07243
0.527214	-1.75201
-2.39148	-0.848544
-2.06672	1.13585
-1.17353	1.50285
-1.87922	-0.957253
-1.42794	-1.86095
3.44636	-0.180762
0.248134	-0.101515
-2.52302	0.0935215
2.10372	0.268003
0.376941	-1.57502
1.1701	-1.49783
-0.00582368	-0.0770781
-1.35966	-1.98725
-0.946519	0.105169
-1.80683	0.0642889
2.70915	-1.28315
-1.22332	0.947204
1.52934	-0.322815
-0.171399	1.80888
2.57007	-1.48047
0.420104	-1.68122
-0.705807	1.49029
0.900387	-0.844434
0.727732	1.60859
-2.55934	-1.01024
-0.0974039	-1.52683
0.627245	1.47842
2.90487	-1.3286
-3.30431	0.650539
1.74448	2.07266
-3.29769	-0.225982
1.26465	-0.0588078
-2.81809	-1.20505
0.968215	1.13448
-1.56634	0.728645
-0.137827	-0.0889539
2.06375	1.02463
-0.426042	1.27173
-0.113619	-1.72781
1.63166	0.610345
3.18647	-0.904041
-2.38874	1.77919
0.477884	-0.371231
0.230549	-1.27516
2.8085	1.42886
0.371231	0.494099
1.58416	-1.69538
0.270972	-1.74219
2.02972	0.561928
-0.595728	1.24273
-0.541602	0.878919
-2.14186	1.1902
3.22506	-0.4249
-1.06139	-0.191725
-0.79556	2.08522
2.6548	-0.340628
-2.93251	-0.168202
2.33164	1.3729
-1.16965	-1.18655
0.952	-0.89285
-2.67741	-1.58964
0.377626	1.70177
-1.30576	-0.983288
1.69857	-1.97126
-2.81992	1.31284
0.0533266	1.29548
0.798758	1.23382
-3.35615	-1.1516
1.9	-1.65678
-0.180534	0.85768
0.136	1.44804
-0.773636	-1.62412
2.93616	-0.595957
2.11719	-1.42018
-0.607604	0.611486
1.5821	-1.09725
-1.44165	1.42634
0.558731	-0.0505861
1.14658	-1.43502
0.291298	0.713572
1.27402	0.139654
-1.19751	-1.4606
-1.85753	0.965246
-2.6331	1.39734
-0.337202	-0.691648
1.51975	1.58986
1.8742	-1.65176
1.37268	-1.29297
2.23184	-0.792363
-0.330808	-1.12054
0.933502	-0.645743
-1.85547	-0.0478455
2.85577	1.74265
0.994707	-0.192181
2.38554	0.272343
-2.67238	1.5958
-1.2473	1.38021
2.86833	-0.961364
0.961136	-1.76275
3.15038	-0.721109
2.06147	1.03467
1.55949	1.15594
-2.49196	0.00194123
0.882345	-2.07357
-3.69758	0.223698
-1.45124	2.09915
-1.49532	1.95527
-1.72027	1.56771
0.917972	-1.74493
1.09268	-1.95322
-1.78696	0.406173
2.2935	0.181448
2.55751	-1.53574
1.98679	-2.05873
1.11849	-2.13478
1.94066	0.991053
-1.43228	-0.405031
2.84207	0.0832444
-1.60174	0.652138
2.83956	1.11255
1.25232	1.9265
-1.99866	-1.98473
0.596642	0.775235
0.362553	1.47019
1.1548	-1.50171
-2.67375	-1.37998
-2.90899	0.0192981
2.98115	-0.594815
-3.2479	0.724078
2.19964	1.95436
3.00376	1.49828
-2.92155	0.52927
-1.50536	1.81391
-2.68906	-0.593444
1.28155	0.766099
1.87854	0.856766
-0.0722821	1.27219
-2.08271	-0.182361
3.31687	-0.129377
1.09611	-0.135543
-1.17513	0.419876
2.03703	-1.03627
0.550966	-0.124581
-2.40358	1.13767
0.398865	-0.835984
-3.38561	0.928934
1.92056	1.95025
1.3254	-1.83263
0.0206684	-1.45284
-0.878691	0.179849
0.867728	-0.426042
-2.2428	-1.40785
-1.58735	0.645287
-2.20992	-1.06984
-0.164319	-0.215476
2.69751	1.66454
-2.95192	-0.834385
-2.97659	0.302032
-2.3442	2.01465
1.8372	-1.64742
-0.296779	0.505747
1.42383	0.076393
-2.18251	0.0937498
-1.59854	1.93654
2.99691	-0.177108
-2.13889	1.49189
1.90617	0.503234
-2.60958	1.83971
-0.544343	1.57068
-2.36521	-0.434035
1.54716	1.03856
1.20938	0.123896
-1.91919	2.00985
-0.0505861	-0.742576
-3.59892	-0.071597
-2.8439	1.75361
-2.60867	-0.962734
-0.378311	0.963191
0.399322	1.57045
1.1105	-1.78102
0.825706	1.69127
-0.627245	1.34047
-0.0416793	0.120013
1.93951	1.38684
1.50742	-0.106311
-0.107224	-0.942865
1.53117	-1.89384
3.40251	0.122069
3.35433	-0.929848
2.59519	-1.18746
-1.94819	0.481538
0.259325	-1.64285
2.01214	-0.0170143
-2.7514	-1.51107
2.66667	-1.12054
-2.32548	-0.188299
1.47979	-2.07517
-2.36864	-1.51884
0.685481	-0.695987
-1.70565	-0.883258
-1.51381	0.963876
2.98344	1.4654
2.21631	0.626103
1.974	1.28041
-1.95048	-1.7817
-0.82799	-1.26031
0.386989	1.2304
0.83507	1.71319
-1.26488	0.122069
0.898788	-1.17855
0.933502	1.90891
1.07966	1.84771
3.44979	0.798529
2.07494	-0.0702267
-2.69225	-1.46426
-0.768155	1.11209
-0.422845	1.7511
1.49669	-0.444998
-0.807436	-1.70839
2.16584	2.03658
1.4992	-1.23405
-2.55637	0.690963
-2.24897	-1.15138
-1.20893	2.0448
2.15899	1.40442
3.3219	-0.386076
-2.15191	-1.52569
-2.67147	1.50399
0.640034	1.81505
-0.764272	-1.57388
2.51891	1.54213
0.264349	-1.27379
-0.905183	-1.51267
1.41972	-0.920941
-2.60044	0.957025
-1.09565	0.349535
2.84116	0.563298
-2.73861	1.6207
-1.85661	-2.011
-2.55842	0.537035
-2.86217	1.5419
3.17185	-1.42018
2.03292	0.262066
-0.778204	1.40922
-0.379681	-0.143537
-1.80546	-1.05203
-2.03475	2.13249
-1.98816	-0.906324
0.963876	0.625874
2.5397	0.0736524
-1.56771	1.92604
2.80576	0.997448
0.214334	-1.3391
-3.44979	0.0544685
2.60433	0.739151
2.20169	0.664927
-1.25689	1.14704
-2.70322	-0.429696
-0.853569	0.971413
-1.66866	-1.42064
-2.26381	0.949717
-1.31033	0.878234
2.46045	-1.04883
3.11658	-0.308427
1.57502	-1.69149
-2.36544	-1.87306
-2.62716	1.18403
-1.74859	0.821824
2.61004	0.0364265
0.861334	-1.35874
1.74014	1.36971
0.320759	1.45329
2.45154	-1.6956
-0.587963	-1.64627
-2.07608	0.445911
0.199946	0.273485
3.46166	-0.532924
3.47697	0.384705
1.61453	-0.549824
-1.88151	1.65701
0.592074	-0.764958
3.73846	-0.0489874
0.111792	1.62275
-0.259553	-1.09108
0.864531	-1.68053
1.94614	-1.9016
1.12648	2.13478
-0.712659	1.40922
0.0953485	1.28818
2.41637	-0.724991
0.629072	0.77021
1.68282	-2.04069
-0.72088	-0.31505
-2.67467	-1.83446
1.084	0.16135
-2.18342	1.11484
-0.482909	1.76412
-0.76176	0.701011
0.0578942	-1.07875
1.00818	-1.60128
2.584	-1.25369
3.19674	0.096262
1.37108	2.02333
-0.257041	-0.35593
-0.21068	1.98245
-0.298606	-1.74882
2.45634	1.74722
-2.64475	-1.38341
-2.0062	-0.991738
-3.01198	-1.10456
0.463953	0.704437
-1.64879	1.00978
0.232833	-1.30713
2.90807	1.33979
-0.648484	1.90297
-0.740064	0.164091
0.528585	1.81939
-2.89665	-1.40716
-0.872981	-1.3117
-2.01968	0.837811
2.33872	1.88676
2.32411	2.02561
1.1274	-1.86461
1.24912	-0.314593
1.31946	0.294952
2.34169	1.19271
2.64178	-0.962734
-2.81763	0.977122
-0.751483	2.1108
-1.40716	0.46304
-1.24889	-0.199718
1.8525	-1.50445
1.09839	1.67185
-1.84085	0.141024
-1.94614	2.04708
1.95482	-1.43776
-1.11484	2.05918
0.246993	0.719053
0.862247	2.07883
1.54533	2.00483
1.45147	1.84542
2.3458	1.88105
-2.91469	0.412339
-3.48953	0.190583
1.29571	1.07829
1.27173	-0.319161
1.31901	-1.66409
-2.28368	-1.55378
3.08803	-0.510314
2.83271	0.699869
0.67018	-1.46631
2.2058	0.129377
-0.490674	-0.259325
-0.630899	1.98222
0.957025	-1.69355
-1.99912	-1.03102
-1.02417	-0.265491
0.26138	1.04107
0.429011	1.86324
1.41356	-1.27333
0.0663443	1.60448
-2.05781	1.84405
-2.11582	0.862019
1.8219	0.990825
3.18213	-1.30667
-1.73603	1.53551
0.473774	-0.343826
2.24417	1.17558
-2.02767	0.559187
-1.83674	-1.65587
-1.93951	-0.99859
2.9727	-1.4453
-0.630899	-1.71981
3.21524	-0.474002
-3.00673	-0.33195
-0.131432	-1.5805
2.87222	0.071597
3.61947	-0.112249
1.96212	-0.12618
2.62854	0.11202
0.679772	-0.192638
-1.69286	0.584538
2.99006	1.51336
1.5145	-2.003
0.781172	1.91439
-0.754452	-0.132574
-0.218673	0.643231
0.232605	-0.0802754
1.77531	0.864074
1.08697	-0.224155
-3.51625	-0.629528
0.0884971	0.434721
0.640719	1.06528
1.38204	-1.06939
0.646885	-0.790536
2.17771	-0.577686
-1.00613	1.364
2.97704	-0.896504
2.11217	-0.804924
0.316648	0.543658
-2.13227	1.95276
1.10958	0.5448
0.145592	1.9096
-3.03619	0.279194
1.41949	-1.38135
2.28391	0.381737
0.895134	0.796474
-1.97811	0.571292
-0.924138	-0.0937498
1.22948	-0.879376
2.31817	-1.88105
2.77744	-0.875265
0.887826	-0.980091
-1.17855	-1.36651
-3.20474	-1.00521
-0.925508	0.765186
-1.48572	0.32487
0.774549	0.394297
-2.98298	1.27424
0.80264	-0.00216961
-1.4606	-1.84542
-1.20276	1.30873
-2.06581	-0.727275
-0.00353988	0.035513
-0.316877	0.493414
0.411426	-0.631812
2.79183	-0.204286
1.06528	1.36377
1.43388	0.476971
-0.096262	0.156554
-1.96304	-0.424444
-1.12785	-0.32624
3.25452	0.991282
-2.30972	-1.62047
3.29198	0.161122
-1.75841	1.32266
2.8222	-0.159066
1.35509	0.947661
-1.90891	-1.58416
-0.892622	-0.0647456
-0.0510428	-0.0791335
-2.9807	-0.920712
-0.927107	-0.0658875
0.347023	-0.253159
-3.06109	1.07487
1.4437	-0.253387
-1.90937	-1.47864
-0.886227	0.669038
1.04769	-1.42749
1.94614	-1.27105
-0.319389	-1.88242
2.2597	0.197206
-0.207483	-1.54419
0.634553	-0.236259
-1.27744	1.96304
-1.51359	1.09748
2.68609	0.535664
0.0425928	0.938298
-0.0368833	-1.69058
3.32509	0.255899
0.712659	0.174368
1.66797	0.447967
-0.757421	-1.48367
1.60973	0.662872
1.41675	-0.771581
-2.05987	-0.378768
-0.218445	-1.03924
-2.20946	-0.0375684
-0.988541	-0.893992
-2.76328	-0.632041
1.91119	-1.85319
0.341542	-0.398637
-1.54213	-1.04655
-3.29061	0.726361
-2.18297	-1.10639
0.658076	-0.927107
3.44636	-1.07396
1.76823	0.853797
-1.48116	-1.56863
3.04327	1.07624
-2.35265	-1.74608
-2.62625	0.777518
-3.02295	0.790764
-1.44279	1.97309
0.756507	2.11057
2.2154	-1.55675
-2.98983	-0.396581
3.46966	0.228494
1.63577	-0.706949
-2.16744	0.41645
-0.736867	1.18792
-3.12435	-0.525159
1.0534	0.619708
0.505975	0.61514
1.20276	-1.75818
0.335147	1.76777
0.909065	0.895819
-0.16272	1.71776
-2.33187	1.27105
2.31908	1.21761
-0.950859	1.37519
-2.36407	0.84352
0.454361	-1.86369
3.15906	1.35098
0.468521	-0.257726
3.01929	1.32768
-2.18388	-1.92239
-0.759705	-0.0606348
-0.971869	-0.528585
-2.5333	1.94865
0.0238657	-0.895362
0.499809	-1.16645
-3.26891	1.02508
0.522875	1.99775
2.34306	-0.831416
-2.22111	1.51564
3.61331	-0.000570949
-1.43251	0.45733
-1.49372	0.49684
-1.20299	-0.252245
3.37716	-0.0814173
0.923225	-1.50445
0.537948	1.87123
-1.13379	-1.29845
-0.395896	0.388588
-3.28376	-1.17124
1.52044	0.337202
-1.05888	1.99341
-0.910664	0.670408
0.472403	0.133488
2.86582	1.25369
-0.220957	1.51564
-0.459157	-0.53064
-2.82448	-1.7374
-0.514653	1.49646
0.149246	0.702838
-2.69545	1.61978
3.06268	-0.0163291
3.18692	-0.178707
0.56581	1.99181
-3.68068	-0.00924937
1.0091	-1.44987
-2.54038	-0.825706
-1.07578	-0.708776
-0.86179	2.0553
3.69964	0.331493
1.03056	0.120927
0.223926	0.0645172
-0.847631	-0.528813
3.21981	-0.790308
0.853569	-0.464182
-3.13188	1.2135
3.08164	-0.502549
-1.97902	-0.929391
2.78315	-0.39681
-1.02029	2.05188
0.558046	-0.144222
1.80271	1.04175
0.475601	-0.258183
1.02143	-1.59146
0.624047	-0.34314
0.352047	0.0786768
-0.743033	1.04586
1.54898	1.29891
0.603493	-1.49874
1.78718	-0.896733
-2.1615	0.978949
0.706949	-1.04883
-2.58491	-0.181904
0.0229522	-1.83377
1.298	2.0199
-1.73854	-0.280793
2.60912	-0.388816
-2.09755	0.783685
0.416907	0.289014
-0.00513854	1.01069
0.833471	1.2715
0.877777	1.121
1.47659	-1.40145
-2.88912	0.0275197
3.11384	0.310025
-1.12351	-1.5097
0.37557	-1.1347
-1.82373	-2.00529
2.88501	1.08811
-1.36354	0.793277
2.54609	-1.53071
-3.12869	-1.28932
-1.84748	-0.858365
0.681371	-1.9249
1.89909	0.0254643
0.833015	0.922996
-0.222328	1.86826
-2.78201	1.55058
0.317333	-0.352047
-0.930304	0.331265
-0.0496726	0.52356
2.49014	0.714257
-3.23443	0.963191
1.75384	-0.855396
-2.9775	-0.0250076
0.232605	-1.62778
-1.11552	1.31124
1.8372	1.05135
-2.114	-0.593444
-1.13859	-0.462811
2.78931	0.72933
-1.79335	2.03886
-2.58606	0.18533
0.388588	-0.0389387
2.06695	0.395211
0.548225	1.41401
2.9558	1.24181
0.954056	-1.62001
0.312081	-1.28772
-1.28612	0.586365
-3.17368	0.0544685
-1.77188	2.09892
0.833928	-0.61948
2.73702	1.82875
1.7342	1.80477
-1.93061	-1.28749
-1.32243	0.00879262
-2.20078	1.3946
-3.51008	-0.523789
2.86285	-0.208625
1.95984	-0.994022
1.33134	-2.13204
-2.63516	-1.05934
-1.69286	1.23793
-1.93837	-1.70451
-0.921398	0.384934
2.33301	-0.522418
0.914089	1.25483
1.58941	-0.157925
-1.50422	-0.648256
1.92353	1.89361
-0.0512712	1.60699
-2.21288	-0.334234
0.928934	-0.950402
2.22682	1.49235
-0.745317	2.08339
0.744403	0.577915
-2.28231	-2.00095
0.0202116	1.71296
2.88752	0.552793
0.274855	0.429011
-1.50673	0.545028
0.499124	-1.55766
3.3895	-0.31779
2.63676	0.735497
0.972555	1.5942
-2.11765	-0.923453
-1.42886	-0.270972
0.903127	-1.14567
2.9727	0.747372
-1.42452	0.68708
-0.623819	1.57982
1.29137	-1.51222
-1.80112	-1.77645
2.92452	1.43114
3.27439	1.10501
-0.0462469	0.409827
-1.94385	1.57799
1.10205	-1.53551
3.57197	0.505975
2.5735	-0.0585794
0.113619	1.62435
-3.65442	-0.56444
-2.64886	1.47956
2.59222	0.297921
-1.87602	-0.209538
-2.0416	-1.07304
2.62945	-0.930076
0.233518	0.323271
2.18228	1.25186
-0.976209	0.0807322
1.44324	1.90389
0.578143	0.217075
0.630214	1.29548
-0.262979	1.09497
3.18167	-0.40526
-1.71776	-1.12922
2.3828	1.54442
-2.04822	-0.490902
-1.57822	-1.04998
0.212964	0.199033
1.26397	2.01419
0.584309	0.268232
1.56908	-1.21669
1.60265	-2.00072
3.23991	-1.22834
-1.84816	-1.7527
-3.06725	0.502093
-0.571748	-1.92147
-1.02965	0.254301
-2.67627	-1.37313
-2.31862	1.48846
-3.49409	-0.766785
3.14741	-0.378082
-1.24707	1.90868
-2.37435	2.00711
-3.24813	0.232148
1.63965	-0.0937498
0.697357	1.42634
-1.52363	-0.224155
-0.591846	-1.35852
-0.907466	-0.532467
0.870926	-0.389501
-3.38447	1.00384
-2.17657	0.0480739
2.65663	-1.25757
1.68236	-2.02972
1.55606	1.3592
2.80073	-0.645515
0.531782	1.14064
-1.23451	1.87648
2.85829	0.345424
-1.48435	0.199718
1.26808	-0.672464
-1.54739	-1.53688
1.40739	0.828219
-3.34085	-0.936471
-1.88379	-0.925965
0.701468	1.5435
-2.92657	1.65176
1.26694	1.40374
-2.6162	0.625874
-3.21821	-1.10684
-1.24798	0.778432
1.96098	1.018
-3.50688	0.774778
2.19324	0.149018
-0.480168	1.65518
0.357072	0.982375
-1.05843	1.79952
-0.467379	-0.589334
-2.61643	-1.79792
-1.393	0.941495
-2.7779	-1.72347
-0.0115332	0.407543
0.518993	-1.89315
-1.54053	-0.320302
0.435406	-0.0725105
-0.205427	-1.95984
1.9233	-0.170485
-1.12306	-0.0932931
-3.24356	0.906553
-0.449794	0.529498
-3.3646	0.772037
-2.57921	1.91234
-2.73131	-0.940353
0.876635	-0.0572091
1.71844	1.62595
-2.6363	-0.950402
2.46479	-1.67642
-1.1089	2.16218
-1.87762	1.9354
-0.403661	0.576088
0.192181	0.538177
-1.87306	0.798529
-2.37024	-1.41264
0.620622	-1.21875
-2.44926	-0.718368
-3.20588	-0.033686
-1.03833	1.52546
-1.60973	-0.160893
-1.51427	0.0672578
-1.28429	1.82327
1.6883	-1.31216
2.34101	0.660131
-1.51541	-1.53391
1.72507	-2.04023
-2.1752	0.321901
-2.10006	0.235117
-0.637293	1.31672
-1.97811	-2.03589
1.00955	0.514653
2.87633	-1.18723
-1.15389	1.59283
2.12861	-0.336289
-1.43183	-1.43731
0.764272	-2.11971
3.15289	-0.761532
-1.09565	-0.842378
1.58004	-0.81109
-3.17847	-0.417135
-0.984887	-0.318247
-1.93106	-1.31284
1.54008	1.17741
-0.246307	-0.904497
2.26815	1.67733
-2.01739	1.77508
-2.88135	1.57205
1.07555	1.72461
1.43046	-1.40762
-1.79312	-0.937613
-0.179849	-0.985801
-2.13409	-1.13836
2.64589	-1.02577
1.89886	1.12306
0.124353	-1.88699
2.90716	-1.06665
-0.570606	0.196292
2.01716	-2.06124
-1.55332	-1.29617
-0.747601	-0.14582
3.51077	-0.234432
3.22529	0.750113
-2.93936	-0.0542402
1.98039	1.64422
-0.774321	0.185787
-1.82441	-1.38661
-3.05698	0.462126
-1.67574	1.32746
3.33606	0.291755
2.89894	1.68578
-1.78193	-0.822281
0.365978	-1.67299
-1.22469	1.31535
-1.16234	-0.960907
2.05302	-0.278281
2.18936	-1.76754
-3.61125	0.242197
-2.64566	1.02919
-1.99113	0.199033
1.54579	1.2103
0.637978	0.670865
1.86872	-0.471261
-0.238086	-1.64102
0.174825	0.142395
-0.45733	1.54305
1.12603	0.444084
-0.02044	1.19705
3.58111	0.588192
-1.67003	-1.74813
-0.45459	-0.97324
-0.772266	-0.893535
-2.44629	-1.84999
-3.17962	0.93373
2.42436	-0.0891822
2.18594	-1.89932
0.0119899	1.12831
3.05606	0.0759362
0.985344	1.53757
-3.06565	-1.40716
-3.25726	-0.688222
-0.862476	0.545713
1.78696	-1.54442
-1.93883	1.92033
-3.30614	-1.17353
2.15351	-0.839638
-1.32426	-0.708548
3.51351	-0.102428
2.12496	-0.463725
0.0188413	1.17444
1.68441	-0.925508
2.76967	-0.341085
2.61438	-0.79282
0.384705	-1.75795
-0.847631	-1.68898
2.83362	-0.721565
1.75635	0.508716
-0.337431	0.251789
-0.830502	-1.69081
-3.3895	-0.206113
-0.922768	-0.881888
0.67018	1.69241
-1.61796	1.65929
-1.80934	-0.759705
0.829361	0.537263
1.94774	-0.942637
-2.36978	0.177108
2.14643	0.899473
-2.01968	1.71273
0.106082	-1.6481
-2.09938	-0.840094
-1.26876	-0.518536
-2.58195	0.577229
3.39384	-0.358899
3.03003	1.54328
-1.44804	0.308883
2.61734	-0.0437347
2.22978	-1.24844
-0.639349	0.214106
3.19857	0.0805038
0.452991	1.36491
0.57289	-0.569465
-1.89064	-2.01351
3.28901	-0.516252
2.38919	-0.575859
1.75978	1.05431
-1.79381	-1.467
-2.0014	-0.204971
0.458472	1.57274
3.70375	0.13463
0.758106	0.297921
-0.525844	-0.733213
-2.95124	-0.923225
-0.140111	-0.394526
-2.90944	1.70634
2.09824	1.58986
2.08773	-1.82121
0.359812	-1.51336
3.61833	0.0352847
-1.58872	-1.94568
1.12694	1.46677
3.66378	0.267775
0.267775	-1.33088
-1.02942	-1.47453
-0.166146	-0.432665
-1.51747	-1.60174
-1.51701	-0.0859849
-1.29777	1.19979
-1.2594	-0.809035
1.06528	-0.132574
-0.263436	-0.935329
1.80431	-0.33195
-2.11856	-1.34778
2.65343	0.865216
-3.3726	1.20756
-2.15465	-0.247906
0.615826	-2.04228
3.20634	0.677031
2.14072	1.60608
-0.625646	-1.96875
-3.10356	-0.7999
-3.27325	-1.34915
-2.85623	-0.653965
1.94248	0.96045
-2.45816	0.311624
-2.17908	-2.08613
3.08461	0.968444
-2.34877	0.0113048
1.99227	-1.21783
-3.09968	1.15572
1.46951	0.353646
2.08294	1.93129
1.59489	1.91119
2.06878	1.17604
-1.11621	1.16919
1.21715	1.05157
-0.0521847	1.73237
2.8117	-1.46174
-3.26708	-1.05706
-0.412796	1.87808
-0.810177	-1.00156
-2.66919	-0.328067
1.11643	2.02653
-1.25689	-1.28041
1.02371	0.220501
-0.991738	1.81253
-3.53315	0.654422
1.47453	-1.95002
-3.68616	-0.380823
3.41919	0.609203
1.09999	-0.427641
0.608517	0.517851
0.781858	-1.52523
0.599382	-0.55599
-0.905183	-2.08682
-2.54084	-0.888054
2.49037	0.197206
-1.46289	-1.02211
0.716769	-0.721794
0.87595	-0.254301
-0.33195	-0.3235
-1.46243	-0.569693
2.42322	-0.437004
-2.14049	1.56086
-2.47187	-1.50628
-3.24447	0.406173
-2.94758	-0.616968
-1.28566	-1.39437
-3.3493	-0.513283
2.45908	-1.65861
-1.20779	-2.12541
-1.8726	0.582711
0.177108	1.80477
2.90556	1.16165
-0.683426	-0.3911
0.33903	2.0199
0.443399	-1.82373
1.24867	0.51511
2.73268	1.12534
1.71159	-1.33111
1.43091	2.077
-1.46928	-0.670637
2.69362	-1.46928
1.88927	0.827762
-1.57753	-0.791221
-0.323271	-1.98313
-2.20192	-1.72529
-0.309569	1.08629
1.50377	1.41515
1.89749	-0.10083
3.51054	0.715628
1.21646	0.629985
-3.02729	-0.280336
-3.15564	1.29868
-0.573119	-1.70383
3.04304	1.14133
0.849001	-1.22195
-0.772494	0.563983
-1.3608	1.41401
2.39422	-0.90701
0.906553	-1.36651
2.75003	0.529727
1.86255	-2.0432
3.13691	0.642089
-2.41774	0.54891
0.344511	0.957938
-0.566039	-1.63737
-1.08149	0.383107
0.94355	0.50392
-2.81124	-0.357072
3.18761	1.11346
3.32738	-0.0791335
-1.5604	-1.91645
-0.741891	1.76891
-1.77006	1.67117
2.7683	0.165233
-1.5161	0.292897
-1.33682	-1.33842
-3.19012	0.873438
-1.32266	-1.87625
1.327	-1.90731
1.52912	0.714486
-0.386989	0.653965
-0.854026	-1.01869
0.571748	-0.448423
1.36994	-2.18868
1.09154	0.0850714
-3.01747	0.330808
-3.0467	1.18426
2.94872	-1.68441
-1.36011	-0.943094
1.5362	-1.54259
0.805381	-1.08492
1.85113	-0.109965
2.22956	-1.88996
-2.72263	-1.12648
2.2243	0.0953485
1.50856	-1.1564
1.2642	0.0674862
-0.491359	-1.01343
-1.38935	-1.80066
-1.29023	1.94751
-3.02295	1.05226
-2.6653	0.864074
2.33781	-1.71045
1.94888	1.44256
-2.20603	1.62709
0.73367	0.0489874
2.94987	0.893307
-0.172084	1.06071
3.1586	-0.0519564
0.306143	-0.973696
3.55873	-0.531097
2.90259	-0.838496
-0.400007	-1.2425
3.28673	0.0368833
-2.62671	-0.24037
-0.498895	-1.90982
1.98017	0.820682
0.446368	1.18266
2.29259	1.23725
0.261152	-1.03833
0.76747	0.0119899
-3.52767	0.165918
-0.821139	-0.622905
-1.73831	-1.03033
-2.97704	-1.29868
-1.98793	-0.0186129
-2.60227	1.26694
-2.10235	-1.1258
0.268689	0.927107
2.07814	-0.101515
-1.25849	-1.51838
2.49128	0.384934
-1.96441	2.05028
2.47826	-0.433579
-1.4099	0.715628
2.26701	1.19545
-1.93495	-0.657619
0.598697	-1.50788
-2.27295	-1.39597
2.69088	-0.210909
2.46227	-0.809492
-1.14498	1.60174
-2.53193	-1.67802
1.04015	-1.95482
-0.819312	-1.20893
2.61871	0.192638
0.331036	1.937
0.610801	-0.876178
2.83065	-0.866815
-0.101743	-1.22035
1.96395	1.55972
-0.529955	1.82464
0.554848	-2.03612
0.781401	1.53437
-1.66226	-1.07373
1.1548	2.11331
2.62648	0.584766
-0.00650882	-0.179621
0.591389	-1.79381
-0.0567523	-0.0272914
-0.753995	0.0784484
0.187842	0.0884971
1.74151	-2.18411
0.844205	0.6631
0.847403	-0.839409
1.63143	-1.42201
2.26244	-0.223241
-1.00613	-0.0567523
-2.14391	-0.53064
1.3994	-1.74151
2.61369	0.245622
-0.0967188	0.845119
-3.00239	0.299977
-2.89894	-1.36948
-0.802183	0.59824
1.37542	-0.885085
1.82144	-1.19408
2.99668	-0.838953
-1.95778	-0.492272
-3.45207	-0.134173
3.04624	0.563527
0.864074	-1.9692
2.04137	-0.716998
2.50224	0.100373
-1.95482	-1.78833
1.06094	0.221414
-2.55637	1.85707
1.62755	1.66546
1.10045	1.34184
-1.76389	0.822966
0.484279	1.00476
1.55675	-0.691648
-2.76214	0.829589
1.45375	0.180534
2.95124	-1.16919
-1.35692	-0.230778
1.10136	2.16218
1.55013	-0.0188413
1.9523	-0.537491
-0.214791	-0.341542
3.18258	-0.147876
1.70611	-1.50377
2.65366	-1.83081
1.53163	-0.0805038
-1.58301	1.65906
1.21304	0.503691
-0.0711402	-1.2763
-0.131204	-1.34824
0.000799329	1.02851
-0.562842	-1.7728
1.98565	-1.99615
-0.979406	-0.0946633
3.07821	-0.202002
2.09024	0.734126
-2.10829	1.08743
-0.372601	-0.51374
2.53558	-0.389273
-1.92513	-1.6988
0.661958	-0.973925
-1.6666	-0.0843863
-1.19157	1.73626
-2.58263	-0.436776
-0.901985	-1.65655
0.91546	-0.522875
-2.97202	-0.314365
2.15419	0.501407
-1.97971	0.986714
-1.37976	0.310254
-3.25498	1.07966
1.50125	-1.13242
-2.78657	0.314365
0.694617	1.09771
-1.78422	2.10235
-0.0055953	-1.38889
0.632726	-0.87458
-0.223241	-1.17695
-1.58073	1.00818
0.807436	-0.784827
0.971869	0.683426
-0.803554	0.881431
-2.87678	-0.15861
0.596413	0.234432
-3.16431	0.430381
-2.7192	-0.494328
1.14041	0.171627
-1.77531	1.50628
2.17452	1.17147
2.42596	-0.602808
-0.491359	-1.39825
-0.52927	1.90366
-0.260239	1.15663
-0.150845	-1.89018
-1.97834	-0.424444
0.272114	1.06322
-3.2036	-1.2288
-2.72537	-1.39117
0.43061	1.00613
0.996763	0.00765072
0.743261	2.11537
0.354559	0.452077
-1.15663	2.1044
0.868185	-1.34139
1.9925	0.833243
-0.383564	0.494328
-2.45108	0.0754795
-0.716084	1.73808
1.01618	0.11773
-0.0855282	-1.41013
-0.902899	2.11148
2.94004	-1.28224
-2.00711	-1.43525
2.45999	-0.801498
-1.78193	-0.299063
0.914775	-0.215019
-1.70565	0.845576
-1.60836	-1.21212
-3.24562	0.550509
-1.02006	-1.86872
1.8034	0.39955
1.27402	1.3656
3.48793	0.612172
-0.729559	-0.0606348
-1.79198	-1.44667
-2.05941	-0.281935
-2.22339	1.81459
-2.14163	-1.11301
-1.35349	1.27744
-2.52508	0.833243
-1.4976	-2.20512
2.61004	0.152215
-2.57121	-0.552108
-2.30835	-1.1612
0.12892	1.22217
-3.32966	-0.522647
-3.50003	-0.685938
-2.7055	1.16805
0.982375	1.24273
0.576316	0.35022
-0.232605	-1.96852
0.973468	1.53483
-1.72918	-1.27653
2.51001	1.21601
-3.09146	0.558502
3.36643	-0.636608
2.46547	-0.102428
-1.30462	-1.16622
1.42909	1.87328
0.895362	-1.43297
-2.44903	1.59398
1.53665	0.121384
-3.5489	0.642774
-0.803782	1.87899
-1.85204	1.79723
-1.55058	-1.02508
-0.776605	1.23017
1.21578	0.100144
-2.54244	1.58712
0.0983174	0.961592
3.11407	1.35098
-1.5869	-0.260695
2.04365	0.0597213
-1.52912	0.379453
1.63988	1.11415
2.88089	-1.68852
2.26427	-1.68624
0.72088	1.55995
-1.02942	-1.42383
0.740293	-1.78581
-0.404574	1.83263
1.41059	-0.365978
-1.44804	-1.40008
-2.59291	1.45375
2.90624	1.46608
0.684568	1.50925
0.667668	-0.741663
-0.878462	0.648484
-2.03178	-0.0837011
-2.26267	1.15229
2.80393	0.610573
0.30797	0.82662
-0.0615483	-1.63942
-1.88516	1.66957
-1.25506	0.651453
0.15427	-1.55743
-2.33621	1.32403
-3.2648	-0.343826
-2.89346	-0.779802
-0.0599496	-1.0397
3.23694	-0.935557
3.72955	0.0887255
0.845804	0.0544685
-1.02097	-1.64376
-1.83948	-1.26145
-0.771809	-0.627245
0.173454	0.467836
1.00202	0.477656
0.236715	1.32654
0.957482	0.0674862
-1.13105	0.0615483
0.958623	0.349763
-2.76716	1.62755
0.547997	1.88996
-1.20664	-1.87991
3.36849	-0.858822
-0.282391	0.639577
-2.72948	0.0729673
1.09611	0.498667
-0.706492	0.669266
2.80142	-1.54944
-1.62298	-0.786882
0.359355	0.468064
1.16188	0.292212
-0.512826	1.28018
-3.31847	0.166146
3.39635	0.665841
-3.57814	-0.773179
2.94347	-0.303631
-1.23633	-1.77691
-0.0512712	-1.99227
-2.15807	-1.14361
2.80256	0.461898
3.70968	-0.0633753
1.33659	0.275083
-2.06969	-1.32449
-1.35029	1.48093
1.28977	-1.66272
3.01244	-0.701011
1.37587	-2.20398
2.20306	1.03285
-1.96966	-0.393156
1.03262	1.22446
-0.888054	-2.05964
-2.07631	0.812689
1.06208	0.614455
-0.389045	1.37062
3.60486	-0.574946
-0.645743	0.938983
-0.8844	-1.44895
2.05507	0.386076
2.01556	-1.8082
-0.381737	1.68738
3.40914	0.70969
0.231234	-0.0528699
-0.641861	-0.533381
3.35387	0.0528699
0.451849	-0.255671
-1.59306	0.0633753
-0.794647	2.05599
3.48793	0.41371
3.64802	-0.549367
1.47522	-1.15183
0.69279	1.87214
-1.24044	0.28399
-2.3981	1.0091
-0.599154	-0.980776
2.04274	0.326925
-0.366207	-1.34139
-1.05431	1.71387
-0.0935215	1.32129
1.02828	0.998133
-2.82197	-0.871839
-0.530183	-1.76206
-1.39254	-1.98473
-0.994707	1.35806
-2.14483	0.650311
1.68761	1.21669
2.91492	-1.39323
-0.0574375	1.33888
3.5231	-0.448195
2.22682	0.208853
-3.47011	0.335604
1.76732	1.83309
-1.08926	0.897874
-2.72834	-1.52158
-3.24653	0.436319
0.516937	0.0245508
-2.77858	1.41104
-3.44339	-0.93373
-1.83012	-1.54602
0.983745	-1.5113
-0.895362	1.71958
-1.30028	-2.05485
-2.26062	-1.72918
1.327	-0.941723
-1.32723	1.07167
-2.15282	-0.70261
-0.873438	1.14247
-3.13736	1.1781
1.82738	1.51313
-0.0382536	-1.54168
-1.24707	0.0033115
2.67924	0.490902
0.23329	0.613085
-0.375114	1.47522
-2.48968	-1.30576
1.72712	0.342227
-0.68571	0.0234089
1.34184	-1.90937
0.388131	-0.0757078
0.721565	-1.45603
-2.08796	-0.2897
2.5381	0.497525
-1.59831	-1.7221
-0.112705	-1.18152
2.10121	-0.42353
-2.56619	-0.546627
-1.38661	-0.627701
-0.623819	-1.35715
3.3541	-0.646885
-0.950173	1.31238
1.73808	-1.39117
-1.06505	-1.27333
-2.29053	-0.0613199
1.73763	1.46837
1.2473	0.411654
1.42817	0.726361
-1.58324	-0.517166
0.0999161	1.92764
3.51488	-0.0679429
2.14186	-1.50331
2.14848	-0.653965
-0.0654308	-0.892165
0.859278	1.66021
3.15997	-0.671322
0.337659	0.592759
3.19652	0.0773065
-1.06322	2.0014
-2.32182	-1.69218
-3.30979	-0.534066
-0.921398	-1.67277
-3.27028	0.694617
0.943322	-1.24592
-2.62625	0.376484
-1.05454	-0.0594929
1.38958	1.11438
0.768383	0.485192
-0.663329	0.107453
1.19111	-0.45459
-2.12724	-1.91508
-2.29168	1.05066
-0.599611	-1.61362
2.30675	-1.19248
-2.16424	-1.07784
-3.5585	-0.793277
-0.147191	1.43
-2.99349	1.55721
0.0192981	-0.302946
-0.171171	0.224155
-1.9338	-0.484964
0.386989	0.455046
0.790079	-1.41127
2.19987	1.03673
-3.27097	0.9013
-2.5454	1.59672
0.843063	1.56771
-1.53277	1.26511
2.3321	0.822738
1.03878	1.26328
0.481995	-0.638664
-1.94637	-0.567181
-3.50003	0.585223
2.0263	-0.9013
-0.284447	0.624276
-1.29069	0.949945
-3.27302	-0.252702
-1.70794	-1.63303
-0.164548	0.387674
2.38851	0.916602
1.35441	1.84291
-0.822052	1.89544
2.52691	-0.831873
-1.6143	-1.23793
0.211137	-1.21806
1.44119	-0.296323
0.378996	1.59877
0.593216	-0.364836
-2.4303	-1.94591
-1.15503	-0.164319
-1.0502	-0.203144
0.0960336	-1.08469
-2.63858	0.113847
-1.17741	1.57959
-2.15967	-0.403433
-0.910664	1.07076
3.56809	0.738465
-0.584309	-0.260467
-2.12816	-0.766328
-3.48267	0.449565
-1.63166	-0.507802
-1.90868	-1.38501
0.879832	1.31124
0.15153	-0.618566
1.92695	1.25392
-2.19872	0.574261
0.714486	-1.48298
-0.656249	-1.5773
-1.77165	-1.90617
-3.3815	1.02029
1.12625	-0.264578
-0.944692	-1.29114
1.61544	-0.563755
-1.43274	-2.0279
-0.433122	-1.4485
-0.315963	1.53779
3.60372	0.435634
1.6956	1.4067
2.03498	0.333777
1.01914	0.214563
1.20779	-0.773864
2.44355	-0.689364
0.234888	1.41082
-3.20497	-1.0212
-1.0244	2.09527
0.0366549	1.83195
-1.48846	-1.13379
-0.394526	-1.11917
2.37275	1.59101
2.34169	-1.26625
0.987856	-2.00666
-2.10783	0.0859849
-1.09771	2.01739
3.27645	-1.01184
0.593901	-0.631812
-3.23123	-1.32266
-1.28018	-1.7173
-1.82007	-1.46791
-1.28543	1.5636
-1.33956	1.18221
-0.1867	0.70398
2.40038	0.353646
-2.43281	-1.57251
-2.29784	0.109508
-1.20619	1.95915
-0.164776	-2.00255
-1.10342	1.46631
-2.02036	-0.592531
0.0880403	0.908837
0.202687	-0.305001
2.47324	0.537035
-2.72263	-0.907923
-2.60981	0.284447
-2.36065	-0.0499009
-1.55241	1.18289
-1.7897	2.13798
-0.611258	2.09002
2.08522	-0.320531
-2.82905	-1.22377
1.01823	1.4855
0.608289	-1.28247
-1.61339	1.29183
1.4517	1.60174
1.00156	0.743033
0.194008	-1.92627
-3.21433	-0.627016
0.713572	0.0549253
-1.25871	-1.65107
-0.59824	0.134173
1.90046	1.41333
1.74676	-1.26054
1.50422	-1.38752
1.85753	1.08515
-0.645515	0.643688
-2.51412	-1.26762
-1.12762	0.453904
1.61065	2.19735
1.56474	1.34733
-3.27919	-0.910435
1.82943	-2.12587
-3.43631	0.0154156
2.61278	-0.00125609
-1.35304	0.0391671
1.04198	2.15099
-1.40054	-0.263664
-0.374428	-1.27676
-2.66942	-0.24174
-1.28315	-1.14544
1.34596	-0.419419
0.608061	-2.05211
0.653965	1.67665
3.59595	-0.587963
1.4791	0.350449
-0.627245	-0.348621
-2.11171	-1.04541
-1.5805	2.16104
-2.60364	-1.54145
0.755594	-1.14864
2.79434	0.87595
-2.8238	1.10501
0.148789	-1.51564
-1.04153	-0.119328
-2.46844	-0.317105
-1.64216	-1.69446
-1.82669	0.266862
2.21905	-0.248363
1.31284	0.832786
3.42786	-0.475601
-2.62899	-1.30325
1.90526	-0.375799
0.129377	0.946519
-2.28734	-1.73671
-2.11879	-0.99996
-2.02516	-0.0558388
-3.16979	0.898788
-1.0735	2.12998
-2.7055	0.306143
-2.80462	0.0448766
3.19514	0.924138
0.517166	0.221871
-2.79868	-0.624961
0.882801	0.525844
-3.45367	-0.965932
-2.44674	1.46289
-1.61476	-1.22035
2.80188	1.24273
0.387674	1.08309
-0.870241	1.92307
0.0464753	-0.406173
-2.37777	-0.318475
-2.03795	-0.159523
-0.0508145	-1.57799
-0.323956	0.49958
-3.27942	0.827077
1.77531	-1.84862
-2.20877	-2.09093
-2.10714	-0.456645
0.807665	0.594586
2.38782	-0.975752
-2.1414	2.10258
0.135772	-1.66432
1.69286	2.08842
-2.35311	-0.0951201
-0.717683	0.224611
1.88196	-1.54967
-2.87815	0.471261
-2.1768	0.765643
-3.49729	0.724991
2.11971	1.89087
-3.08141	0.682284
-1.08789	-1.76298
-0.873666	1.018
-3.07936	-0.127093
-3.32761	0.280108
-1.92558	-0.693475
-2.13227	-1.39163
1.2642	-0.0441915
-1.39734	0.588648
-3.47377	-0.929848
3.59024	-0.200631
0.657391	-1.64148
0.55462	0.0298035
1.61521	-1.87671
-2.82745	1.07807
-1.15206	0.488618
-0.69279	-1.06847
2.73199	-0.98169
2.3289	1.79769
-0.798529	-0.951087
2.15077	1.91119
-1.48572	-0.510314
-1.78376	1.10913
-3.0942	-0.33332
-1.10319	-0.437918
0.325327	-0.232833
0.898331	-0.300662
1.39711	-0.268232
-1.59101	1.21053
1.89955	-0.834613
0.624276	1.5515
1.4469	1.57342
2.50475	-1.81413
0.121384	0.878005
1.83514	-0.0946633
-2.80484	-0.793962
-1.58461	1.96418
-2.60159	-1.25255
0.924366	1.92398
0.355473	0.722936
1.55081	0.330808
-2.25902	-2.03817
-2.18731	-0.491587
1.02257	1.76823
2.14848	1.98062
1.41378	1.51381
1.74288	1.05751
2.08088	1.44804
1.76069	-0.372601
1.27881	1.89955
-1.91165	2.15031
1.51336	0.538177
-1.19066	-1.26557
1.32061	0.549367
3.29655	0.665841
-2.81238	-0.848316
0.324185	-1.81528
-1.49326	0.15861
1.55721	-1.92878
1.17741	1.82578
2.24166	2.0183
3.35844	-0.769068
-1.32152	0.359584
2.60501	-0.863389
-3.24105	-0.354788
0.555533	0.78711
0.189213	-0.503006
2.59268	-0.00308312
0.593444	-1.9169
3.11019	-0.409142
2.17908	-1.14361
3.39658	-0.155869
2.68654	-0.919799
2.06124	-0.398865
-2.53147	-1.14338
1.85433	-1.28201
2.07083	1.83081
1.10661	-0.704209
2.08819	1.33476
-1.21327	-0.676803
-2.4488	0.311624
2.31223	-2.01808
-0.00810748	0.968901
-1.88219	-1.18038
0.50529	-0.965246
2.93411	-0.521962
-1.55972	-0.148789
-2.621	0.870469
1.84679	-0.783685
3.28513	0.101058
1.14658	1.53003
-0.672007	1.63257
-0.823879	-0.420333
-0.752625	1.45078
-1.59123	1.45877
0.390415	-1.43274
3.00011	-0.284218
-2.91378	-1.19956
-0.721109	1.38021
1.64673	1.62001
-1.56863	1.13676
2.1551	-1.74882
0.254301	1.47362
2.90236	0.136685
-1.68852	1.66066
-3.51077	0.922539
1.05317	-0.559873
3.40708	-0.576544
-2.09139	0.766328
2.85714	-1.4976
0.0106197	-0.880518
0.937156	-2.10144
1.73352	0.926194
1.42064	-1.07601
2.0126	1.02166
3.04578	-0.250647
-1.83058	-0.616282
-0.899245	-1.52797
-0.231463	-1.23062
0.956111	-0.560101
0.128235	-1.7173
0.340171	0.93236
1.10433	-0.89011
0.1698	-1.3254
2.47643	0.56444
1.6465	0.78437
2.17292	-1.96806
0.968901	1.33865
1.04815	1.60745
2.53992	0.501864
-0.704209	-1.88904
1.04244	-0.727503
-2.39741	-0.967759
3.27622	0.0067372
-2.36407	-0.942408
1.47271	-0.309569
-1.79769	-1.75361
-1.88288	0.523332
0.208625	-0.455503
2.05142	-0.249276
1.00681	0.652823
-1.63211	-1.68099
-1.08492	0.437233
1.3318	1.88425
-3.363	-0.39818
-0.374657	-1.34618
1.95847	-0.426727
2.52942	1.73877
-2.82037	-1.54784
0.479255	-0.118643
2.23321	-1.3994
2.39445	-0.529498
-2.03726	-0.299977
-1.50057	0.280336
3.43631	0.522875
1.9603	1.18129
-0.5955	1.36011
-3.36072	0.621078
-1.71593	-1.88607
-0.368034	-1.56863
0.500722	1.38501
0.756051	0.746459
-0.559416	0.387674
1.19226	-0.105626
-0.0770781	0.29244
-0.130519	1.34344
2.43898	-0.813146
3.34199	0.31505
2.15579	1.16987
-1.11004	1.02097
-1.50194	0.472632
-2.9284	-0.0263778
1.44873	-0.0768497
-2.92269	0.710832
0.83507	-1.67368
-1.98017	1.54739
-2.83134	-1.74859
0.261837	0.0693132
-0.102885	0.894677
-1.69675	1.03467
-3.19674	0.249733
-1.49737	1.74471
-1.44233	-0.658533
-0.931675	1.06002
3.11133	-0.618566
-1.65838	-0.103113
-0.587735	-0.69553
0.438146	1.05089
2.49288	-0.390187
-0.711745	-1.23588
-1.1516	1.22423
0.0300319	0.689592
2.67421	-1.0244
0.753995	-0.442942
3.25818	0.95634
1.15846	-1.9402
-1.95687	-1.2884
-3.69278	0.405031
-0.659218	-1.18426
1.96578	1.91028
0.784141	-0.952457
-2.0633	-0.833471
-0.428326	0.903127
0.98877	0.642546
-2.64703	1.40396
-3.20382	1.03262
-2.41728	-1.34139
0.749199	-0.0480739
2.66142	0.519906
1.84245	0.796474
-1.35532	-0.682284
1.01983	-0.563755
-0.083016	-0.670865
-0.449794	0.455732
-3.25064	-0.555305
1.93997	1.4839
-0.121384	0.909293
-1.10867	2.17315
-1.93152	-0.830046
-0.0542402	-1.28201
1.82875	-1.30211
1.47111	0.977351
-0.843748	-0.271886
-0.207711	1.82578
-0.991738	2.03018
0.921398	-0.407315
-1.02622	-0.641861
-1.60608	-1.66112
3.05583	-0.651224
2.35151	-1.88036
1.83583	-0.808806
-1.78993	-0.191725
-2.7224	1.52523
0.978036	2.07563
-1.82829	-0.140111
1.3069	1.86575
0.477428	-1.64901
-1.50673	0.417821
0.569465	0.327839
1.43936	0.34885
2.89346	-1.23222
0.728645	-0.524931
-1.75316	-0.936014
0.306828	0.999275
2.75643	-1.69994
-1.53779	-1.21418
-0.312538	-1.16417
-1.86872	2.1044
3.37648	0.394297
0.343597	-1.36628
-3.01861	0.897646
0.306143	0.629757
-1.68693	-1.95048
-1.70611	-0.730472
1.93038	2.01465
-2.8455	-0.864531
2.89894	0.373515
-0.618338	-1.9418
-3.37556	0.721109
-2.86103	-1.35989
-2.5703	0.898103
1.17558	2.09618
1.74562	-0.772722
2.75551	-0.180762
2.72149	1.77668
2.12907	-0.372601
1.03582	1.53094
1.24341	0.33469
-0.838039	0.853797
0.667896	-0.452534
2.64955	-1.22012
-1.19043	0.553935
2.47552	0.896047
2.1953	-0.0272914
-0.0718254	-1.9603
-2.5655	-0.769753
-0.973011	0.0266062
0.889424	1.29937
-1.16508	1.93472
-0.643688	-1.51427
-0.18259	0.589562
-0.452077	-0.9351
-0.344511	0.777062
-1.71502	0.859735
3.14764	0.754224
-3.03414	0.132803
-0.621535	0.114532
1.54396	-0.862704
-2.24029	0.276454
1.22446	-1.92467
0.217075	0.489532
2.86103	0.0862133
-1.27036	1.45078
1.52752	-1.06688
-2.1969	-1.63942
0.359127	1.57296
-0.716541	-0.519678
0.0172427	1.78764
1.69972	-1.08629
0.377626	-0.378539
1.55995	-1.99547
2.10646	-1.94682
-3.15244	0.113847
1.52409	-0.944921
3.10151	-0.144907
-2.29579	-0.794875
-0.39247	-0.380823
-3.58408	-0.740749
1.14704	-1.64445
-0.932588	-0.533152
1.80271	-0.595728
-0.101971	0.590704
-0.847403	0.417135
-2.06444	-1.23268
-2.04617	1.17604
1.81208	-1.39551
-0.361182	-2.00963
0.410284	-1.04449
2.44697	1.092
1.11506	-0.704665
-2.90305	-1.41584
0.14582	1.54876
-2.8882	0.461441
3.54731	0.785512
-1.6143	0.818398
2.29122	-0.627473
-1.22651	2.04548
-3.51739	0.567409
-0.540004	0.690734
2.77424	-0.593673
0.0702267	-0.38973
-2.38988	-1.29297
-0.867728	0.984887
-0.661273	1.29251
2.68677	0.160208
0.700554	-0.547312
-0.82525	1.79495
2.003	0.422388
1.07578	-1.82121
0.755137	1.66089
1.70954	0.205884
-0.801727	-1.09154
-1.77691	-1.73922
-1.93883	-1.36194
1.55858	-1.2377
0.59413	-0.537491
2.00985	1.33613
-1.82464	0.912719
-3.52127	-0.490674
1.19705	-1.23108
1.74082	-1.27265
-0.063147	1.39529
3.30043	0.18259
1.03924	-0.116816
0.246536	1.31946
1.83926	-0.460299
1.74219	1.62778
1.49965	-1.01526
-1.8541	2.11605
0.806751	-0.864988
-1.53414	-1.08263
1.93517	-0.639349
-0.0494442	1.38204
0.927335	-0.915688
0.519906	0.991738
-2.89117	-0.177565
-0.687537	1.70794
1.60859	1.38158
-2.44629	-0.342912
-3.33468	-0.942408
-2.23047	-0.644373
-3.42718	0.282163
0.0165575	-0.125951
2.25879	0.195607
0.690963	-0.931446
-1.17969	-0.328067
2.90259	1.65198
-1.66774	-1.74722
0.945377	-1.18746
-0.928934	-0.458015
2.79251	-1.58735
-0.667896	1.90754
1.06528	0.344967
1.19477	2.06284
-2.09298	-2.12313
-0.806294	0.401606
0.210223	0.0572091
-1.27447	1.842
1.42246	0.311852
1.10136	1.63623
1.75316	-1.38387
-1.97605	-1.16462
-1.32152	-2.08887
-1.63074	0.491359
0.96616	-1.88105
1.5177	0.3066
2.97042	0.0537834
-0.87595	-0.432894
-2.69591	-1.12054
-1.00864	1.7221
-1.56908	-1.93883
2.88432	-0.0907809
-0.015644	-1.94682
-1.65975	1.3825
2.29122	0.339258
-1.37816	0.883258
-0.25864	-0.769982
-0.204057	-1.82121
0.0377968	0.466694
-2.30972	-1.76937
-2.26792	1.78741
2.85075	0.790993
-2.88478	0.973925
0.3573	-1.48892
1.97902	-1.97788
-2.82015	1.40465
1.11575	-0.225296
1.69743	0.738922
0.6969	1.28566
-1.29388	-1.18472
0.060178	1.08332
-0.630442	-1.6465
2.91492	0.216846
3.00148	-0.81246
-2.49745	-0.701696
-0.768383	0.948575
-0.644145	2.04411
1.47202	-0.160665
-1.44302	-1.46448
-2.47529	1.43799
2.6242	-1.90389
-1.29366	-1.81436
0.139654	-1.15663
-1.99387	-0.990597
-1.05797	-1.19385
0.954741	-1.6698
1.28498	-1.23131
1.27173	0.580427
3.41919	0.0437347
-1.36788	-0.364151
3.18236	1.40374
-2.2227	-0.547997
-0.470805	-0.465095
-3.08347	-0.860192
1.02942	-1.57091
3.21981	-1.37473
1.67391	1.93723
1.39346	0.717911
-1.89155	-0.969814
-0.321444	1.80888
0.527214	1.95002
-3.49135	-0.685481
0.0569807	-1.48824
3.24676	0.561471
0.244252	0.640719
0.107224	1.76663
0.723392	1.26876
-0.581112	-1.40008
-1.86004	1.38227
2.99097	-0.547769
1.11986	-1.42954
1.51404	0.727046
-1.1194	-1.83926
0.0976323	1.9539
-1.12534	-1.85821
3.00034	-1.02942
-2.70093	0.481538
-0.756279	-2.11217
-0.780259	1.21532
-2.56231	-0.569693
-2.39947	-0.105169
-2.40701	1.64879
2.17886	-0.630899
1.86369	-0.198804
0.68434	-0.220272
-1.40054	-1.42566
-1.03285	1.78787
0.149703	-0.780716
1.85707	-1.17056
-1.31238	-0.739151
1.09953	-0.902899
-2.06695	0.938298
-0.243567	1.16302
2.21151	-1.32357
-2.12245	1.11484
2.93799	-0.730701
3.42923	-0.638892
0.250647	-1.5282
-0.494328	0.0279765
2.21951	-1.00887
-0.293582	0.933273
2.25217	-0.0357414
-2.34968	1.95596
1.2288	-0.0656591
0.504833	-0.0263778
-2.69499	0.94926
3.3324	0.680914
0.253159	0.12047
-1.79198	-0.923225
-1.298	-0.586821
0.800813	0.0154156
2.07631	1.01458
2.89049	1.09519
-2.46502	-1.2642
-1.26351	-1.68647
-0.996991	-1.52067
-2.21722	0.656934
0.494784	-1.23656
-2.75163	-1.60106
-2.88272	-0.215933
0.506432	-0.25727
-1.73831	-0.374885
2.69088	1.58073
-3.19811	0.307056
-3.01198	-1.09839
2.84572	1.55058
0.979178	-1.78604
2.40312	-1.34184
-2.34101	-1.59694
-3.59983	0.743261
-1.59009	0.138969
-2.75118	-1.76709
1.94522	-2.14802
2.75163	1.66751
0.87595	-1.47385
-0.777518	-0.809263
2.96265	-0.28262
1.36423	-1.58073
-0.0805038	0.570835
-2.28665	-1.63417
2.35516	-0.321901
3.70831	0.0359698
0.293582	-0.462811
2.54837	-0.618338
0.503234	1.73489
-2.77401	0.460299
0.655107	1.03011
1.60083	-1.533
2.42802	-0.843748
-0.612628	-1.33636
2.92908	-1.1717
-0.0610915	-0.992652
-0.613999	0.740749
-2.16264	-1.36651
-2.19827	1.0936
0.657619	0.1022
0.909979	-0.575859
2.20398	-0.420104
-0.518993	-0.0928363
-1.49943	-1.41401
-2.89528	1.20756
3.1465	0.786654
-2.65457	-1.47933
-0.520363	1.40762
0.459157	0.355016
-2.11856	-0.74623
0.922311	0.20223
3.15427	-0.379453
-2.65	-0.183503
3.37419	-0.257955
-1.00293	0.0364265
2.69385	0.352732
1.72529	-1.10479
-2.04343	-0.0181562
0.310482	-1.04449
3.66469	0.302946
-0.937156	-0.249048
-1.70565	1.24022
1.83263	2.06101
-1.98359	1.0333
-1.66021	1.68441
-3.46943	-0.854026
-0.732984	-1.74037
-0.123439	-0.952914
1.27721	1.10387
-1.47271	-0.140339
3.268	-0.2036
1.40465	0.724534
0.482224	-1.54282
-2.18297	1.8863
3.00262	-1.6022
1.95733	-0.771581
0.538177	-0.93236
1.97491	-1.1411
1.09634	0.416679
-0.737552	1.31604
-0.341085	0.924366
2.06193	1.90457
-2.8455	-0.659903
3.65716	0.366892
0.339486	-0.946976
-0.819083	-0.171171
2.39102	-0.351362
-0.610573	1.3149
1.71182	-2.00985
-2.52554	-0.65328
-1.46951	1.3729
-0.0067372	1.17513
-0.314593	-0.278281
0.142851	-1.04883
1.92604	-1.85479
1.21852	-0.336974
-2.32753	-0.673606
-2.21517	0.0969471
3.11042	-0.664014
-3.28832	-0.537948
1.54693	-1.91234
-2.26153	-1.61065
-2.08111	2.00826
-1.40305	0.660131
-1.25369	-0.0846146
2.6347	-0.754909
-1.41652	-1.40031
-0.90838	0.418962
1.15503	1.90845
-3.1513	-0.220729
-1.80043	0.986257
3.04053	0.608517
0.303631	2.0199
-3.14033	1.45192
-0.194922	-0.73504
0.986714	-0.232148
-2.45588	0.233747
0.121841	0.672692
-0.159523	-1.38684
-2.84755	-1.47202
1.93335	1.27356
-0.665841	0.228265
-1.24821	-0.893078
0.409827	0.25156
-1.93563	-1.93449
2.63584	-1.54624
-1.60037	-1.54031
2.05439	-0.561471
0.6293	-1.4928
-0.730244	-1.62869
1.6883	2.10235
-3.31504	0.830502
-1.93243	-0.121841
2.80918	-1.24433
0.756051	1.83081
-1.05112	-2.01442
0.40526	-0.861334
-2.53421	-0.940581
-1.99044	-2.01305
2.7345	-0.578371
-3.41462	0.955198
-0.560786	-1.31855
1.38661	0.404803
0.405716	-1.13059
-1.97994	-1.52067
-0.642546	-0.340857
-0.682512	1.26488
-2.3627	0.51237
-1.98405	-1.03079
-1.12557	0.229864
-1.46928	-1.50377
2.50612	-0.277595
1.70337	-0.142395
0.929619	1.63942
-0.864759	1.34755
-2.01648	-0.621307
-0.586365	0.164319
-2.77196	-0.725448
-1.31695	0.0199832
0.837354	-1.17399
2.20078	1.90252
1.49349	0.791221
-0.310482	-0.522875
1.45489	0.426499
3.17573	1.44187
-3.22598	0.144222
-3.26823	-1.12877
2.76648	0.80835
-1.05203	1.25894
-2.50315	0.479711
1.58918	1.42269
0.938526	-1.45969
3.25726	-0.596642
-1.19797	-0.56444
-2.94575	-1.11575
0.79145	0.369404
-2.7578	-0.531554
-0.186929	-0.765871
2.88158	-1.13722
-1.39985	1.42338
-1.93038	0.27691
0.774778	-0.626103
2.75003	-0.327839
0.233975	-1.64605
-2.9204	-1.09519
2.83271	-1.40237
1.187	1.59009
1.23702	2.19416
2.69134	-0.482452
0.739151	-0.436091
1.40807	1.5024
0.246764	-1.43251
2.69591	-1.22149
-2.08865	-0.764729
-2.00711	-1.00841
-0.282391	0.395668
-3.44476	0.99014
-1.34002	1.99981
1.17421	0.0512712
1.29548	-0.893307
-0.224155	0.654422
0.877777	1.43502
0.345881	0.297464
-1.30371	0.543658
-0.677031	-1.6835
1.13562	-0.366435
1.10981	-1.51907
-1.26579	-1.50559
-2.99189	0.909293
-2.97818	-0.780944
-2.21974	0.242425
0.822966	-0.325098
-1.55036	-0.151073
-3.23054	-1.31261
0.454361	0.0282049
1.23017	-2.1309
1.46677	0.451164
-0.857451	-0.662872
-3.51465	-0.389045
-3.59961	-0.366435
0.463725	0.462355
-2.93159	-0.113847
-3.28376	-0.829361
3.44613	0.672692
0.787567	1.76343
2.68335	0.650311
1.19705	-1.37884
2.13729	-0.852884
-3.07228	-1.0413
-2.14163	1.62755
-1.29571	1.59717
1.36582	0.524017
-0.152443	1.23314
0.39681	-0.850371
-0.205656	0.739607
-1.36925	0.385619
-2.52713	-0.00856424
-3.4587	0.81109
-1.24364	-1.13927
2.23161	1.8388
1.77051	-0.106767
-3.42398	0.467836
3.03345	0.925737
-2.9775	0.71951
0.21205	-0.781401
-2.86468	-0.54891
-3.20793	-0.191725
-2.85212	-1.56885
2.1261	1.45101
-3.4064	-0.0686281
0.897874	0.351819
-0.698499	-1.76526
-1.08811	-0.0129034
-1.97468	0.246079
1.90183	-1.87488
1.66249	-1.83651
1.05294	1.81824
1.50422	1.5668
3.64231	0.277595
-1.78353	-1.48047
-3.63569	-0.378996
-2.21654	1.29731
1.82692	-0.605092
-0.300433	0.854939
1.29685	1.79404
2.83979	1.74767
3.5923	-0.530183
-2.13889	1.10387
-2.9944	1.01618
-0.754224	-1.16371
-1.83583	-0.538405
-2.12564	0.784827
-2.2154	1.10182
-2.70322	0.514197
-2.8117	-1.45992
1.94271	-0.928934
-2.42916	0.477199
-1.18358	1.9877
-0.0245508	-1.48664
2.25354	-1.42794
-2.78772	-0.54754
0.558731	-1.30782
-2.21266	1.22925
-0.137599	-1.10479
2.13227	-1.70702
3.4861	0.548682
1.65701	1.86917
0.70261	1.7406
1.9555	2.11103
-2.65526	-0.0592645
-1.18609	-0.798986
-3.46715	0.34885
1.55766	0.386532
-2.59542	-0.6969
0.861334	-1.70908
-1.87397	-1.09908
0.559416	-1.09428
0.781858	-1.09291
-0.00194123	-0.567409
0.00902099	0.679772
-0.589334	0.180534
3.43243	0.477428
-0.45733	1.82304
-1.76275	-0.428326
1.63942	-1.46129
0.228722	-0.878691
-1.46745	-0.672464
0.915916	-1.11666
-1.62595	2.19073
0.289243	-0.851285
-0.248363	0.944007
0.988084	0.761075
-1.59169	0.989683
-0.725676	-0.925508
1.45946	0.663557
-3.08735	-0.649169
2.10303	1.39506
2.17497	1.06345
1.84131	-0.733898
-2.65297	0.18533
-2.59085	-1.35395
-2.42665	-0.185102
-0.540917	-0.94218
2.55591	0.877777
-2.15419	0.0195265
-1.56771	1.45512
2.31977	1.94911
0.51511	-1.65358
-3.03437	-0.528128
-2.19005	1.25575
-0.880746	1.72141
-0.922083	-0.927335
0.733213	-0.140339
-2.04069	1.38775
-1.14544	0.608517
-2.0802	1.78673
0.252245	-0.375114
2.52508	1.75087
-1.34207	-0.0985458
-2.80873	0.25727
3.40708	-0.687765
-0.699184	-1.2715
-2.24303	-0.444541
-3.28102	-1.1701
1.53277	0.122069
-1.15617	1.65084
-2.386	1.17741
1.63737	1.42977
3.18007	-0.677031
0.131661	0.181219
-0.967987	-1.23062
-2.85098	1.20756
0.423073	-1.85821
0.689592	0.919571
2.26701	2.0046
2.9373	-1.07578
-1.76595	1.55469
1.33225	-1.86369
-1.7817	-0.0572091
-0.0761646	1.48435
-2.53193	1.43228
-2.56619	-1.08834
1.364	-1.12603
2.50064	-0.493414
-0.497982	1.1717
-0.0361982	-1.05751
-3.59915	0.16135
-3.0387	-1.06733
-0.264349	-0.508487
-2.12222	1.05546
-3.57859	-0.356158
2.05713	0.648712
2.46776	0.527214
3.16112	1.44165
1.93632	-1.00932
-3.45573	-0.368491
-1.25186	0.770895
-3.53497	-0.679544
-2.65526	1.48961
-3.43883	1.05843
0.449109	-1.13356
1.68144	1.85387
0.708091	1.4517
2.32822	1.55469
2.90191	1.63805
1.33545	-1.39414
1.86004	-1.68259
3.39384	-0.360497
-1.14955	-0.954969
-2.91058	1.58027
-0.369632	0.332178
-0.278509	-1.90457
3.05538	0.015644
-3.25247	-0.166375
-2.24006	-0.669038
-2.91424	-1.49509
-2.01534	-1.89772
0.616511	1.32152
2.49402	-1.43388
-0.256128	1.09519
-0.388588	1.8002
-3.27508	0.225525
2.32867	0.0179278
0.475144	-1.77782
-0.367577	1.23382
-2.01556	0.740749
-2.06215	0.541145
1.59946	-0.52927
-0.955883	0.385847
1.37062	-0.276454
-0.0622334	-0.5448
-0.621763	0.473088
2.02242	-0.716998
-2.6669	-1.14955
3.32304	-0.658304
-1.72004	1.90571
-3.07593	-1.27653
0.426499	-0.0743376
3.32372	0.549139
-1.34093	-0.983288
1.88584	-0.616739
-1.60402	1.12877
-0.333777	-0.62085
0.0295752	-1.34938
-2.22225	1.75567
0.561015	-1.42977
-2.53216	-0.148789
2.61529	-0.276682
2.92292	-1.13996
0.927335	1.88904
-2.32616	1.24204
-2.80896	-1.42566
1.89292	0.578371
1.0075	-0.35867
-1.39962	0.162949
2.02105	-0.341085
-0.310254	0.838953
-2.68312	0.896961
0.967987	0.716313
-0.492044	-0.760162
-1.21487	-1.96578
-3.22643	-0.976665
3.01221	1.29503
-0.00148447	1.96121
2.05507	1.93312
3.62907	0.350677
-1.41401	1.06847
0.317105	1.73055
-1.37542	1.52752
0.373972	-1.97377
-1.13265	0.143993
2.67581	1.11689
-1.62092	0.491815
0.944921	-0.542973
0.290156	0.0113048
1.4912	-0.599382
-2.98663	1.31056
-2.52371	-0.87732
2.69659	-1.71799
1.88082	-0.160665
-1.95002	-0.455732
-2.819	1.67117
-0.0578942	0.0841579
-1.0502	-1.63554
0.596413	-1.69949
0.6969	-0.433122
3.27942	-0.716313
2.24942	1.42566
-2.97887	0.378311
-1.50285	0.360954
-0.965018	-1.99684
0.243795	1.44553
-0.852199	-2.02105
-3.06748	-1.07966
-0.317562	1.08446
0.765871	0.277367
-1.27013	-1.67756
2.06649	-0.378768
2.10783	0.935557
-2.46113	1.43137
0.30934	1.07715
-2.05941	2.05622
-0.294496	1.22834
-1.83537	-0.64346
-1.73352	1.24524
1.94271	1.68327
-1.6956	-1.81939
2.12085	1.96623
-2.4303	-0.169343
-0.622905	1.40739
2.28208	1.69012
-0.325555	-1.04655
-2.72879	0.241511
-2.76533	0.743947
0.0542402	-1.31535
-2.07106	-1.18952
-0.382193	0.180306
-1.84177	-1.92193
-2.94895	-0.556675
-2.76054	0.321673
0.540917	-0.381051
-3.11361	1.43434
2.50247	-0.667211
2.0352	1.61453
1.00658	1.76617
0.584081	0.704209
0.233518	1.20299
-2.31063	1.24684
-1.10798	0.586365
-2.20215	0.138741
-1.54328	-1.23999
-2.7256	0.896504
0.380595	-0.938298
-0.926194	-0.54754
-2.34808	-0.437918
0.120013	-0.99288
-2.43533	-0.911577
-1.75247	-0.120242
0.427412	0.322358
-1.46608	-1.06345
-0.955883	1.69629
0.161579	-0.487248
3.14239	0.181904
2.32525	0.0722821
2.29122	-0.693018
-2.50772	0.373743
2.98024	-0.637065
-2.66028	0.0272914
1.08263	-0.0183846
2.37595	0.766099
-1.20527	0.506432
3.24973	0.245851
1.51701	-0.685253
-1.6529	-1.59489
-2.30812	-1.62732
3.28056	0.398408
-1.07989	-1.30919
0.841236	-0.985572
1.56817	1.61453
-2.78109	-0.191496
-2.49014	1.66774
3.03939	0.839181
2.30606	0.250647
-2.21151	0.0304887
-0.125723	-1.34847
1.98222	-1.98702
3.01587	1.42383
-0.932817	-0.721337
2.9622	1.53688
-0.559873	-1.55195
0.521276	-1.54647
-0.183046	0.407772
-2.29053	-0.590704
3.06908	1.32243
3.34451	0.432894
-1.40899	-1.00361
0.21639	1.82852
-0.439973	-0.362553
-2.04594	1.1701
-1.15686	-0.363238
2.67741	0.483365
2.76625	0.524017
0.935785	-0.760618
-0.0581226	1.33088
3.36574	1.20436
-0.69553	1.10935
0.973468	1.01983
2.45885	1.1411
-2.71646	1.4115
-3.64003	-0.178935
-2.77835	0.643688
-3.59755	-0.470576
-1.2256	-0.359127
-1.10616	-1.13767
1.8694	-1.81893
2.97818	0.268232
-1.53848	-0.469891
3.35387	0.096262
-0.965018	-1.46083
-2.57829	1.58119
1.15709	1.70497
3.11087	1.13402
2.39604	0.031859
-0.58705	-1.89452
-1.70017	1.29822
-0.676346	0.478341
0.929391	-0.344739
2.4118	-1.56771
-2.03566	1.5193
-1.74219	-1.12191
3.47217	-0.314136
1.3487	1.19911
-2.93022	0.985344
-1.11689	-0.621535
-3.14833	-1.05843
3.59138	-0.0229522
-0.909293	0.143765
3.1666	0.356386
0.117273	-0.38973
0.445226	1.85113
1.12283	1.49577
2.78772	1.70086
-1.82966	-1.37953
1.42703	1.09245
0.454133	1.22697
1.67185	0.197434
1.00887	0.316877
2.64384	-1.21989
0.637065	-0.772494
3.19629	-0.627701
1.60471	1.9772
-1.87785	1.01412
1.6127	-1.77759
-2.45542	1.07464
1.36034	1.78924
3.55073	-0.158838
-0.663557	-1.41972
1.21372	-1.07533
0.45733	0.00810748
-2.04388	2.12747
-0.24448	-0.336974
0.857908	1.83629
2.34968	1.90389
-0.689364	2.11285
0.290613	-0.94218
0.00422502	-1.77942
-0.401606	0.229864
-2.23252	1.68647
-1.89818	1.00818
1.62641	0.418734
2.18411	-1.53345
-3.34108	-1.0582
2.26427	-0.378311
-0.300205	1.87488
1.52729	2.11263
-1.26808	-0.433579
0.69553	0.774778
2.86171	-1.04038
-2.42779	-1.66203
-1.98793	-0.394983
-0.417364	-0.751483
1.01184	-1.49372
1.17536	0.940353
-1.0027	1.06345
-1.51793	1.44507
0.208625	0.722936
2.22225	-1.74402
-1.70565	0.942637
-2.90145	0.315506
-0.0910093	1.7913
0.371688	-1.25255
-1.0381	1.69332
-1.65472	0.521733
1.34504	2.02698
-3.70649	-0.331265
1.52592	0.806294
0.118415	0.0852998
0.706492	1.61476
-1.97149	0.36004
3.00879	-0.0345995
-0.779574	1.81436
-1.97971	0.47149
-0.662187	0.284675
-2.36887	-1.86643
1.6529	2.15282
-2.74912	0.957253
-1.67688	-0.605777
3.0218	1.19842
-2.84778	-0.270287
1.47339	1.78079
-2.10349	1.79746
2.61415	-0.540232
0.925737	1.53026
0.571063	-1.83012
0.862476	-0.95063
-0.886684	1.37724
-1.84953	-0.146962
3.37556	-0.418506
1.16257	-1.99501
-2.3337	-1.15891
-0.278737	-1.97354
-1.04449	1.36651
-1.13219	-0.707634
-2.8021	-1.44005
-2.28323	-1.11255
3.55461	-0.53201
3.34199	0.452534
-1.57	0.427412
-0.854254	-0.371231
0.178022	1.43046
0.19515	-0.15998
-2.69933	1.17193
3.59801	-0.663329
1.20779	-1.79449
1.69903	-1.3302
1.41835	-1.77188
0.843292	0.4587
0.74212	1.5773
0.530183	-1.54008
1.94043	-0.413025
-2.96083	-1.12237
-1.32974	0.978264
-2.82106	-0.133031
-0.788481	-0.812917
-0.0332292	-0.482224
3.04373	0.00102771
3.26434	-0.616282
-1.81139	-2.10052
-2.60387	0.339715
-1.01343	1.40876
0.277367	0.303402
-1.1041	0.247449
-0.812232	-0.994707
-1.32243	-0.0113048
0.711288	-1.81984
-0.272571	0.957025
-2.25559	0.323043
2.98595	1.62344
-2.32022	-0.294039
1.25963	-2.11263
-2.72034	1.65747
2.89985	1.10501
-1.91257	-0.0987742
2.22453	1.49965
0.919799	1.92992
1.87443	1.9845
1.40967	1.36331
3.09923	0.507802
1.35212	0.746687
2.57509	0.980319
1.018	-1.88653
-0.609888	0.506203
-1.58575	0.609203
-2.53421	-0.72796
1.18312	1.09702
-2.57167	-1.65678
0.429696	-1.35121
0.757193	1.60265
-3.72362	-0.21776
0.963876	-1.04038
0.616282	0.0905525
1.71068	1.43891
0.52927	-1.49577
-1.67048	1.71045
0.291983	1.25529
-2.16858	-1.30416
1.22674	-1.08994
-3.39064	-0.771809
3.24767	-0.0880403
2.73427	0.836897
-1.89818	1.48869
2.53376	1.71981
-2.10303	-0.127093
1.98428	0.40526
2.78817	1.43662
-1.23588	1.28955
-0.302946	-0.223241
2.11034	1.89749
1.75087	-0.92665
1.4992	0.177565
-3.34884	1.11118
3.15997	0.549367
-2.96791	-0.670408
-1.54076	-1.4574
0.734811	-1.99136
-1.51359	-0.953599
2.37047	-1.1178
-1.09519	-1.13311
-0.288558	1.39848
-1.88744	0.492501
3.47719	-0.341998
-2.16333	0.674062
1.55401	1.32403
1.05706	-1.87009
0.310939	0.0327725
-3.635	-0.512598
-0.171399	0.483365
3.58453	0.232148
-1.74996	1.0075
-1.04518	1.14041
0.37557	0.0382536
-1.6111	1.83081
-1.69972	0.386304
-2.62146	-1.67094
2.9067	-1.56155
2.0352	1.70451
1.158	-0.564669
0.229407	1.79952
-1.39209	1.1532
-2.56619	1.40442
-1.85456	0.745317
0.198576	-1.36879
-2.59725	1.08834
1.2715	-0.98306
0.429468	1.82098
3.25041	-1.23496
-0.616968	2.02835
2.04959	0.112934
1.9249	-1.09086
-0.914775	0.609659
-1.59694	-1.33568
-0.0873552	-1.43046
-0.909293	0.355016
-1.64353	0.128692
-2.29647	0.506889
0.154956	1.75818
0.710832	0.3235
0.0252359	0.284447
-0.51237	1.44462
0.263436	1.53871
1.19408	0.298378
1.24912	-1.43342
2.75483	1.13676
1.23907	2.01556
-0.292668	1.10068
-2.42345	-1.496
-0.956568	0.682741
2.44674	-1.1596
-0.943322	-0.742576
-0.61103	1.78307
-3.69119	0.0773065
0.685253	0.110422
3.11224	1.39346
0.929848	-0.893307
1.89338	1.29822
-1.51336	0.380138
1.33682	2.09961
-3.13874	1.32449
0.249276	-0.11339
-0.620393	-1.15594
-2.16652	-1.38615
-0.339258	0.19378
3.38333	0.454361
-1.76138	0.545485
2.69522	-0.40526
0.667668	1.12077
2.1044	-1.37382
-1.08263	-0.177565
-1.2546	-1.08446
-3.05949	-1.29914
1.11735	1.36331
2.3691	0.00856424
-1.31535	-1.467
-1.65404	-1.28909
1.35052	-1.04198
-3.47788	0.521048
1.03559	1.66637
-2.39673	-0.493871
0.955883	1.41127
1.28384	-2.12701
-2.59702	1.61887
-2.60319	1.54533
-1.43822	-1.71662
2.66736	-1.43639
-0.995621	-1.72507
0.36438	1.33225
-2.93867	1.59215
1.35349	0.225982
1.45101	-1.48481
2.46798	-1.30941
-0.363695	0.432665
-1.37222	1.51222
-2.34557	1.47522
0.912034	-1.17399
0.738465	-1.07076
-1.65039	1.83811
-1.41173	-1.3423
-1.34847	-1.81916
0.810177	1.94568
-3.46189	0.154499
-2.01442	-1.7125
3.29518	1.19934
-0.756507	1.6956
-2.70162	-1.77622
-0.826848	-0.371231
1.03445	-0.906553
1.54122	-0.446368
1.4316	-1.11666
