-1.96052	-2.97796
1.00179	-3.61148
2.08065	-2.1462
3.02706	2.96585
-3.32738	1.34687
2.29579	-2.47484
0.0658875	2.74661
-2.32844	3.39132
-2.15168	-3.34633
-2.51777	-2.09961
-3.7106	-0.674976
0.199261	2.86993
-3.25338	-2.69933
-1.8082	2.58674
2.28505	2.43122
2.89985	-3.05949
-0.809035	2.61597
1.0075	3.42535
-1.37633	3.46189
-1.91234	-3.17345
-3.54457	3.08552
-1.9201	-3.62952
1.75909	3.38242
-1.26968	-3.66561
3.46897	3.2543
0.72088	-2.42322
1.82989	-3.05332
-1.04632	3.53794
1.95207	-2.59451
2.98778	2.02972
-0.748286	-3.01244
2.24646	-2.48808
2.03064	2.86879
0.523104	3.70352
-0.970499	-2.58674
2.35242	3.03528
-3.39612	-2.99554
-2.55591	-2.54198
1.41264	3.22689
3.06657	2.7948
1.74288	-3.31619
3.59184	-2.75049
-3.3372	-1.65838
1.93449	3.71996
0.828904	2.43418
3.62884	-1.85387
-3.13348	-3.69735
2.76899	2.97156
-3.50254	2.25125
-3.67977	-1.94774
2.85577	-3.63226
0.0560672	-3.48564
2.95443	-2.8359
-2.78886	-2.04594
0.740978	-2.43555
-2.80347	2.13341
-2.72263	3.68388
-0.0291184	2.74866
0.993337	3.70649
-2.58423	3.05972
-2.96037	-2.65685
-2.29282	2.91241
3.04122	-2.37229
-2.97156	-1.96943
2.57167	-3.48633
3.0636	2.98321
0.419648	3.5843
-2.84938	3.12229
1.75475	-2.20512
-3.18578	3.39635
-0.445454	2.2935
-0.335375	-3.47194
1.43388	2.7039
1.91371	-3.21501
-3.68822	-0.516709
-1.28703	-3.59572
0.863389	-3.27142
-2.1768	3.10128
-1.58073	-3.05903
-3.73732	0.258412
-3.67017	-1.7543
0.266405	-2.17886
-2.46935	-2.47392
-0.700554	3.34747
-1.88242	-2.71692
2.05576	-3.24128
-0.0103913	3.19766
-0.314365	-2.40449
-1.58164	-3.65716
3.69256	-2.5285
3.55142	2.46433
-2.64795	2.09915
3.60669	2.39901
0.254757	3.70215
2.34808	-2.24372
3.07525	-2.69134
2.49151	3.1344
2.89505	-3.1312
-2.09778	-2.39582
-2.98275	-2.99371
2.2919	-2.94393
-1.04678	3.45344
-0.230092	2.95306
2.35813	3.18099
0.66881	2.50201
-0.565125	2.46798
1.38501	3.29152
1.17307	-3.61536
-3.44202	-1.86049
3.66332	0.791678
-0.325098	-2.37549
-2.08065	-2.9622
-2.79594	-2.46913
1.19751	2.66393
-2.36224	-2.17155
-3.41896	2.90876
-3.08096	3.02523
-0.359355	3.24036
-1.61088	2.56436
2.52074	2.45931
-2.15168	-3.38356
3.37853	-2.18479
-1.35715	3.11635
-0.218217	-2.13204
3.05195	-2.92452
3.72704	-1.06208
2.26427	3.17779
0.563755	3.65145
0.0467036	-2.24897
-0.820454	3.02158
-1.22012	2.43784
-0.983288	-3.07639
-1.85433	-2.41135
-0.0736524	2.09161
-2.76785	2.33233
-3.62381	3.05104
-0.319161	-2.67216
-1.70314	-3.68296
-2.27135	3.23077
-2.70915	-3.0145
3.59527	-1.86072
0.173226	2.50156
2.84481	-2.03429
3.4217	-1.79084
-2.11422	3.09694
3.61239	-3.04236
-0.617881	3.63843
2.96973	-3.12983
-3.61856	1.85319
-3.30819	2.60319
1.35007	-2.91584
0.14308	2.06969
-1.38912	3.643
3.46555	-3.73892
1.12077	3.28398
2.35425	-3.03414
2.69819	2.15282
0.506432	3.47354
-0.832329	3.30842
2.56733	3.19948
2.19324	2.66827
-2.73587	-3.3694
-3.02637	3.49409
1.30005	-3.37168
0.96045	2.41683
3.37922	-3.35935
0.112477	-2.98641
-0.738009	3.06428
-0.323043	-2.25399
2.78977	-1.92672
-2.36247	-3.53497
-1.6312	2.78452
2.0706	3.57859
-1.87488	-2.44812
0.725448	-3.55598
-1.38295	2.38531
2.73633	2.29442
1.90777	2.66142
2.12679	-2.3643
-3.39703	-2.52462
1.38706	3.72225
-1.72666	-3.6615
0.686167	3.10448
2.25536	3.07753
-3.14719	-3.38059
3.42604	1.73511
2.86651	-3.39886
-2.05416	-2.52828
-2.56413	2.00689
-2.8439	-2.52736
-1.17193	-3.08027
3.23831	-2.43007
-3.11247	-3.21753
-2.50681	-2.5993
0.587963	-3.63066
-0.575859	3.52218
0.618109	-3.38379
1.05523	-3.6704
-2.52828	3.25795
-2.18297	-3.09808
2.52531	2.96517
3.61947	-0.790993
-0.087812	-2.9622
3.46372	-1.66432
2.29761	-3.4048
-0.720423	2.13592
3.11407	-3.14216
-0.0211251	2.85029
-2.42733	-2.30675
-1.47956	-2.54609
-1.2916	-2.70733
-2.38851	3.34336
-0.68571	2.84321
-1.22971	3.70763
0.1529	-2.42368
2.14117	3.12617
-3.29609	-1.79655
0.552336	-3.66949
-1.42292	-2.81033
-2.45611	2.58286
-2.38759	-2.68609
2.94918	-2.05028
1.00681	2.6162
-3.69256	1.26831
-2.56162	-2.79114
-1.54099	2.69728
0.872753	-2.98709
-1.45489	-2.34877
0.931218	3.01792
-1.60814	3.63774
1.46768	3.13622
2.08339	-2.3659
0.519221	-2.43807
-3.14513	-3.70192
-0.783228	3.33172
3.55736	2.45063
3.72453	-2.65937
0.708319	2.69933
1.10616	2.73382
1.53528	-3.04967
2.13067	-2.23412
2.26404	3.37282
2.9976	3.4555
-0.82525	-3.66081
3.50665	-2.71966
0.335604	-3.3139
-0.849458	-3.24219
1.64742	-3.1328
2.62031	-3.71311
-2.55979	3.03277
0.628615	3.0266
1.82304	3.14239
0.17825	-2.46479
2.12382	3.71083
2.90305	-2.97088
0.542744	2.93
-3.46669	3.29586
-2.0633	-3.32943
1.4163	3.15289
1.5266	-2.93525
1.24752	2.59428
-3.503	-1.26534
2.24531	2.27112
3.59504	1.85341
0.362553	-2.19324
3.65921	1.11141
3.35318	-2.32342
-3.36894	-3.67588
-2.79114	-3.19195
3.52401	1.10798
0.582254	3.23991
-0.269374	3.56877
0.195836	3.66972
-3.66538	-0.775691
-2.38189	-2.34169
-3.68228	2.02287
-2.98618	2.83248
-1.12625	3.17254
0.474459	2.84892
-1.46129	-3.24402
-3.54388	1.01298
-1.80546	2.49059
-1.08149	-2.77881
-3.30408	-2.22978
-0.531782	3.03665
-2.90739	1.9386
-3.7243	-1.6867
-1.71159	2.85417
0.965475	-3.61536
-0.996763	-3.29883
3.45276	2.44218
0.289014	3.26754
-1.48093	3.51853
1.72118	2.83522
-0.100373	3.61011
0.689364	2.31086
-2.44195	2.70892
-2.07106	2.4504
-3.27165	2.2565
2.5285	3.15792
1.61247	-2.60067
3.17779	1.77691
3.55256	-2.60821
1.56314	-3.64094
3.36711	1.8509
0.462126	3.12891
-1.67505	3.50095
-0.256356	-3.58773
-0.680457	3.65442
2.28117	2.44537
-0.518308	-2.3611
0.715399	-2.56048
0.614684	-2.71144
0.999732	2.63561
-3.32144	-2.4029
-2.50955	3.52607
-2.39833	2.10006
1.27128	2.60136
-2.88181	-2.27866
-0.115446	-3.31162
2.31703	3.0604
-1.7068	3.37968
2.63676	-3.03985
2.81444	-3.28102
0.183731	3.60486
-2.22933	2.1752
1.98428	-2.82311
1.74973	2.89757
-2.05667	-3.69735
1.44347	-3.54822
0.614227	-2.57692
2.11263	-3.54731
1.25506	2.65252
2.77858	-3.74029
3.15449	3.57014
0.904954	3.37282
0.73778	3.58476
-0.250418	2.81649
-0.881431	3.13691
2.03132	3.58864
-3.32167	2.42185
-1.05317	2.34786
-3.44956	2.08042
2.91538	2.45771
3.22118	-3.01404
-2.88501	-3.57129
-0.980091	3.5859
-1.83994	-2.91264
-3.71494	3.10448
3.57882	-2.25422
-1.86826	-3.70694
-1.81802	-3.35821
0.909293	2.85851
-1.29411	-3.18921
-0.142395	2.58446
0.262751	-2.44606
2.59017	-2.51663
0.889881	3.47491
-1.89064	3.61514
-0.666754	2.84527
-3.15198	1.73557
-2.01488	2.49699
2.27774	2.40381
1.37496	-3.50186
0.0743376	2.8745
2.70801	3.31664
-1.3391	-2.43327
0.689821	-3.13325
2.68426	2.89962
3.23968	-1.81071
2.45108	-2.26792
-2.1124	-2.39604
-3.28535	-1.40237
-3.68593	1.08903
-2.62465	-3.03025
1.8034	-3.56855
2.39079	2.18982
3.31025	-2.13935
0.72659	-2.22773
0.576316	-3.56375
-3.40891	-2.40792
2.64201	-2.92223
-3.4539	-2.94416
1.86438	-2.68129
0.190811	-2.47095
-2.17703	-2.65754
-2.58743	2.20672
-0.803325	3.39977
2.87427	-2.76259
-3.67429	1.52934
3.52767	2.21585
2.91469	-3.19994
-1.15914	-2.69408
3.72476	1.6634
3.16203	-1.9877
2.54015	2.17406
0.279422	3.40662
2.62808	2.55134
-2.03041	2.49653
-0.972783	2.59656
2.89871	3.40914
2.79799	-2.41614
0.0122183	-3.58339
3.55347	-2.45634
-1.26511	-3.17642
-2.04845	-3.37214
3.49615	-1.41127
1.54739	3.12458
0.383564	3.6108
2.24942	-2.36316
1.95322	-2.96631
3.05835	-1.66409
-1.77668	-2.21791
-1.76092	-2.38348
3.52904	-3.67588
2.67535	-1.99981
0.640034	-3.04624
-0.978721	-2.55797
-0.759705	3.55096
-0.00194123	-2.0046
-0.186015	3.2141
-3.08552	-3.099
-0.995849	-3.27325
-3.23328	2.57783
-3.62975	1.57822
0.532695	-3.28124
-1.39757	-3.202
-1.83743	-2.95261
0.204971	-3.04099
1.24022	-3.43563
-0.526986	2.65777
2.99988	-3.70557
1.03353	-3.37534
1.11963	-3.04053
2.96288	2.36202
-0.740749	2.33986
3.16431	-3.52538
-2.41317	2.47461
-0.660588	2.78977
2.99234	-3.59983
-1.5113	-3.13942
-3.04556	-3.43883
0.682969	2.79982
-0.930304	2.64315
3.67406	-0.9351
-1.35418	-3.3879
-3.21364	-1.94157
3.12229	-2.65434
2.92794	2.24394
-1.96692	-3.28695
0.57997	-3.13942
-1.32426	-2.78817
-3.26914	2.10395
-3.11955	-1.82532
2.25262	2.51549
-0.765186	-3.60669
2.41865	-2.50704
-2.98115	-2.2154
-1.75704	-2.53056
3.61993	-2.00415
1.20413	-3.57837
2.65457	3.57791
-3.66972	-2.04228
0.654422	-2.82882
0.298606	2.8745
-0.9013	3.25978
-2.19667	3.67862
-1.03353	-2.27021
3.64756	2.49356
2.48694	-2.60022
-3.68045	3.05972
-1.10776	3.27051
2.94804	3.37579
2.83613	3.59207
0.180306	2.92543
1.26831	3.18898
3.32212	2.12724
2.31497	2.65731
-0.962049	-3.54411
0.422845	-3.37328
-1.07944	-2.66371
-2.69819	-3.36392
-2.30743	3.34793
-1.97811	3.17779
-3.47514	-2.61141
-3.63889	1.018
-2.79936	-2.82403
3.6615	2.49699
-2.55134	-3.56078
3.71905	2.84093
2.33941	2.38851
-1.17147	-3.503
-0.720195	3.30979
-1.42383	3.22506
-0.150845	-3.28376
-3.60988	-3.49683
2.26336	-3.09511
3.57174	3.29015
-1.32289	2.64772
-1.75133	-3.66127
1.55401	-2.42619
2.37709	-3.6076
-1.20596	3.71539
2.00437	2.51229
-2.67924	-2.04799
2.73724	-3.26
3.6108	-2.78452
-3.5891	1.01343
0.572433	3.02569
-0.449337	2.68746
-0.435634	3.06976
1.37153	-2.64132
3.39109	2.27021
-1.01252	-3.05035
3.22895	-3.17459
3.54662	2.53307
-0.663329	-2.51983
3.17687	-2.43761
0.372145	2.7329
-0.323043	-2.74501
1.68373	-3.57129
3.55165	2.53604
1.61133	-2.47438
0.429696	2.1446
1.55036	3.32258
-0.490674	-2.75414
-0.196521	-3.40229
1.93586	3.41667
3.6044	1.14795
-3.08141	2.69796
3.07091	2.60981
-2.4029	-2.92908
-0.144678	-2.97088
-3.51008	1.96098
2.42847	3.51031
-2.72742	3.62267
3.68548	1.03719
-2.3522	-3.07113
-0.0126751	2.41706
3.05309	3.39703
3.58453	1.62686
1.15868	-2.95717
-0.0236373	2.14346
2.14414	3.5183
-2.79548	-1.99981
-3.57928	-1.90137
0.127093	3.15061
3.23146	-2.40107
-0.531325	3.31801
-0.210452	-2.77447
-2.99554	-1.89087
3.36369	-2.98252
-1.45215	2.63128
3.48267	2.67604
0.172084	2.79297
1.80979	-2.82882
-0.560101	3.29883
1.31353	2.53581
-2.92383	3.20497
2.41135	2.31657
0.372145	2.20421
2.43441	2.05736
-3.21753	-3.4016
-1.58096	-3.12069
0.223013	3.70603
3.00468	-2.27021
-1.89932	3.25201
-2.79068	-2.45086
-3.73983	1.56132
3.53589	-1.59215
2.66919	-3.16203
1.62572	-2.81763
0.719053	2.70367
3.42718	2.90373
-2.37549	-2.05781
1.19317	2.69317
-1.55926	-3.26366
0.999275	-2.69842
-0.641861	-2.22933
-2.54746	-3.29837
0.201773	-2.62968
0.183731	-3.25224
-3.38424	-1.72575
1.92695	-3.46897
-3.70809	-1.31992
3.70443	-3.43449
1.99547	3.18807
3.25704	2.37549
-0.839409	3.65305
2.73427	2.70025
0.14445	2.54175
-2.077	-2.94553
1.23976	3.21935
-3.12275	3.50072
-3.5263	1.45261
1.31946	-2.28071
1.31467	3.22095
-3.28147	1.49075
1.00544	-2.65868
-2.13272	-3.43586
1.17581	3.57403
-0.290613	-2.78178
-3.03117	-3.51236
3.72065	-0.490902
1.97286	-3.52081
-1.8493	3.67999
-2.82403	-3.05789
0.611258	-2.72651
0.881659	-2.2951
1.9571	-3.4016
-2.91515	-3.60691
3.20565	3.55941
3.49638	1.40191
-3.00239	-2.35014
-2.9204	-2.81466
-2.81809	-2.21311
-3.50209	1.22469
0.919342	-2.78109
3.30043	-3.38127
3.69141	-2.59862
-3.6519	1.87831
-3.36346	1.82784
3.44042	1.51518
3.51967	-2.33575
-2.02036	3.64574
3.64665	-1.40465
-2.51115	3.05332
1.9	-2.89368
-1.97377	-2.35699
-3.32783	-2.06649
-1.97012	-2.75232
-2.2275	-2.53673
1.98268	-3.22369
-3.47468	3.41759
-2.42756	-2.52462
2.58583	-3.30979
3.68593	3.54753
3.45413	-3.38196
0.791221	-3.08118
0.0622334	-2.23275
-0.803325	-3.00833
-0.951772	-2.26404
2.32662	-2.95877
-2.74478	2.85874
3.29335	3.20565
0.673606	-3.09763
-1.62915	-3.70375
-2.75346	3.5215
-2.96928	-2.46136
-1.20436	3.1924
-3.10151	2.6733
-1.81916	-3.49843
0.29815	-2.44149
-2.00003	-3.738
0.135087	2.54678
-1.74242	-2.71646
1.03262	-2.28619
-0.198348	-3.27828
1.55081	3.57974
0.339486	-2.71555
3.68936	2.2291
0.787567	-2.17132
-3.48382	-2.0553
2.35928	-3.71745
-3.43449	-1.26648
0.872068	-2.47689
1.96052	3.2093
-3.50574	-3.08118
2.89962	2.13501
-2.82517	2.90031
0.968672	2.7256
0.964105	3.01473
-0.889196	-2.52942
0.0151872	2.18365
0.154042	-2.37983
2.96425	3.41896
3.41279	-2.5027
-2.53399	-3.26366
0.414852	-2.39216
-3.11932	-3.22438
3.58933	2.7779
-3.28787	2.54974
3.36529	2.64498
-0.90838	3.12252
2.63356	-3.03779
2.93342	-2.01191
0.722022	-2.93845
3.6519	3.02888
-2.95146	-3.38493
3.48793	3.49272
3.59961	0.961136
0.432894	2.14917
-0.39681	-2.54815
-3.26549	2.63881
-1.9386	-3.50848
-2.46068	3.08255
0.963648	2.97088
0.961821	3.35318
0.593444	-3.60006
-3.23511	-2.72331
-1.88927	-3.21638
-1.1516	2.959
2.35631	3.3356
-0.690049	-3.15267
-3.42992	-1.57479
-0.42216	2.72514
1.70154	3.32464
2.47392	-2.31223
2.63379	3.17939
-2.27957	3.32715
0.584994	2.36932
-3.34199	2.82448
0.798986	-2.19484
1.23017	-3.54297
-1.39163	-2.27226
-2.25628	3.26937
2.19187	-3.6752
0.47423	-2.91744
-0.644145	2.92155
-0.756279	-3.59207
2.65937	2.17223
-0.0325441	2.09253
-1.77851	-3.6889
3.58019	-2.21471
-3.53543	-1.01412
-3.63226	2.4166
2.97042	-2.89254
2.5671	3.2342
-3.10653	-2.94872
1.09953	-3.08392
-3.59915	-2.64932
0.275997	2.97385
-1.90708	3.51465
3.53041	-3.10082
-1.77782	2.9115
3.63272	1.68807
3.44065	3.48085
-2.92018	2.54038
2.61483	-2.56276
-1.78079	2.27546
-0.0256927	3.32304
2.10463	2.78977
-3.48313	3.44408
3.13348	-2.42391
0.442485	-2.18708
0.593216	2.85166
-1.9708	3.01404
-3.22278	3.29152
-2.48192	-2.00323
-1.6175	2.95398
1.09748	-2.55637
-3.04761	-2.87907
0.550052	2.60387
3.06406	-1.97651
-0.372145	-2.43281
-3.56466	2.47072
-0.592759	2.83796
0.171627	3.69164
-0.746916	2.68746
3.63455	-0.836669
2.8761	1.84862
-2.10692	2.15008
-3.19674	3.39795
-1.20459	3.36666
1.16691	-3.02751
-3.11293	1.92376
1.28429	2.3933
-2.49904	-3.46166
-1.1612	-2.22682
-3.01518	-2.28414
-0.489303	-3.67885
3.6768	-3.01678
3.08507	-3.35844
3.21844	-2.21585
-1.97309	-3.32783
-2.47986	3.33035
2.29624	-2.15236
0.612628	-3.40685
-0.349535	2.26221
0.991053	-2.18913
1.46334	2.71509
-2.03429	-3.2801
2.05964	3.72384
-2.77904	-2.97133
3.334	-3.46532
-0.625418	3.54616
-3.71037	-2.06101
2.77675	2.12382
1.23017	-2.69294
-0.254986	-2.93479
0.570378	-2.82174
2.87541	2.0231
-1.63486	2.98458
1.10616	2.29624
-1.46015	3.22552
-0.803782	-3.297
0.0679429	-3.6366
-0.219359	3.10516
-3.48039	2.73976
-2.38874	2.58035
1.88219	-3.30066
-2.8391	2.49014
3.64871	-2.73884
0.0419077	3.49638
-1.30485	-2.96334
-0.320302	-3.11156
3.49866	2.85829
1.50628	-2.81101
-0.904726	-3.02888
-3.231	2.18936
-0.869099	-2.96425
0.762902	-2.14757
-1.30827	2.76031
3.35775	-3.56649
-1.38729	-2.5349
0.556904	2.10874
1.08789	2.61209
-3.21387	2.36704
-1.37679	2.8697
-2.91721	2.96585
0.81954	-2.69865
-0.834157	-3.12001
1.52112	2.64247
-0.425129	2.16926
-2.3104	2.13615
1.39962	3.4861
1.49783	3.48542
-3.48542	-2.84207
0.168202	3.19286
0.803782	-2.19279
-3.61102	1.15389
1.03308	-3.37808
-2.83979	-2.43099
0.61514	-2.21037
2.49037	-3.28467
1.80089	-3.73686
1.10935	3.37762
-3.41302	3.33149
-3.7026	-3.39109
-2.10623	-2.89848
0.219587	-3.04556
-2.78086	2.54792
1.92307	2.45108
-1.06619	-3.59161
3.7364	0.836212
-1.70542	2.64703
-1.86963	-2.46022
3.27165	3.64528
-2.45976	-2.05873
3.03163	-2.63721
-2.53513	-3.69164
3.2278	-3.30431
2.77219	-1.9265
2.05622	-2.65731
-2.19621	3.30248
3.09557	3.54342
1.96075	-2.80918
2.29008	2.09755
-0.0444198	3.67794
-0.00605206	-3.12138
0.397038	-3.16409
2.06786	-2.95398
-2.03338	2.23755
1.23177	-3.12709
-3.41256	-1.92421
-3.33994	1.65427
-3.2278	-1.77006
0.258868	2.51891
-0.284904	2.66142
2.584	-2.64292
-2.76282	3.11841
-1.74905	-2.83842
-1.69697	2.93616
-0.751026	3.28673
2.78429	2.26747
-2.47826	-3.3388
-2.547	-2.31931
1.06642	-2.75346
-0.372373	3.42398
-2.73427	3.00308
-3.30888	-1.42269
-3.71813	0.403889
-0.683883	-2.35882
2.77196	3.32578
-1.4236	-3.65396
-1.26008	-2.73039
2.34489	2.82311
2.21357	3.68342
0.11065	3.00194
-0.856994	-2.98344
1.121	2.30835
-2.99645	1.86803
-1.45558	-2.83202
1.63097	2.30652
-0.336974	2.45474
-2.94598	-1.8557
-3.363	1.25894
1.55424	3.27622
-0.960679	-3.53817
-1.76777	-2.80553
1.61247	2.69705
1.45718	3.70626
-1.6803	-3.34359
-3.17254	-2.9944
3.25315	-2.82791
3.46646	-2.07586
3.49912	-3.18076
-0.066801	-2.00255
3.1851	3.26023
0.842607	-3.49957
-3.21616	-2.1245
-1.10798	2.27729
-0.101515	-2.22385
2.42733	-3.05652
2.12382	-3.62176
-1.57982	-2.61849
1.95756	-3.04419
2.58766	-2.92703
3.49935	-1.37656
0.748286	-3.68045
1.3455	3.42033
-3.73161	-0.728188
1.51952	2.85669
-1.29366	-3.23671
-3.22666	2.64886
2.84641	3.45618
-2.7699	-3.4016
-3.05149	-1.97012
-0.358442	2.61186
-3.29221	-2.77515
0.506889	3.21319
2.49379	2.83956
1.62709	-2.91812
3.06565	-1.71136
-1.29845	3.56398
1.56611	2.45017
-3.62336	-2.49082
-0.680685	2.44126
-2.09755	3.07433
-3.08575	3.56306
2.19484	3.28102
2.84527	3.29677
-1.59329	-3.31664
2.7071	-3.30591
2.89254	3.60531
3.40777	1.93084
-2.42893	3.44499
-0.3404	-3.41393
1.53049	-3.7074
-3.33743	-2.4874
-2.18091	3.27896
3.21844	2.56276
-1.94522	2.83522
2.12953	3.28764
2.64818	-3.11476
3.38059	-1.92124
3.42489	3.00536
-3.21387	3.4813
-0.353646	-3.05675
3.14924	2.45451
-3.3018	3.54594
-1.261	3.26183
0.99722	2.86011
3.70101	3.23991
2.44035	-3.37534
-1.49006	2.86399
2.01762	3.11681
2.25148	-3.29586
-3.64711	-1.92627
-1.43731	-2.716
-2.22613	3.46007
-0.224383	-2.8576
0.466694	2.68198
-3.59298	-2.48785
-2.43738	3.52652
1.18335	3.35067
3.4491	-2.84755
1.91279	2.46547
-2.18753	-2.73542
-3.08963	2.07746
-3.25384	1.51701
2.10532	-2.37275
3.73207	2.06832
-0.684111	-2.27592
-3.4233	2.70413
-2.8608	-2.82608
3.40251	1.68647
-2.75643	-1.97491
-2.54266	-2.75049
-1.15709	3.2511
3.21045	2.87564
-2.85303	2.5486
3.54297	-2.70664
-3.16203	-3.10471
1.55264	-3.4217
0.114532	3.03802
-3.15655	1.65998
-2.00985	-2.86651
0.0725105	2.29076
-2.80325	-2.65708
2.5824	2.96151
0.0658875	-2.09801
-0.202459	3.18555
-2.86788	3.64368
1.31946	2.32707
-2.12336	2.98869
1.5531	-2.41477
-2.26381	-2.761
-3.74166	3.20885
-0.731157	-2.9775
-0.434492	-2.21768
0.215248	-2.50886
0.0197548	-2.78223
0.952914	-2.83453
-2.9035	2.79845
-3.20908	-1.93266
-1.68715	2.84481
1.02166	-3.11042
-2.40792	2.61049
3.66561	3.35273
1.60402	-3.37534
3.43609	2.35174
-3.19218	-1.8155
-3.6229	1.68213
-3.5062	3.305
-2.52988	-3.231
-2.11879	-2.61072
-2.71646	3.13051
-1.98313	-2.31109
0.0827876	3.73275
3.40206	-3.68707
-3.19423	-2.61575
-0.534979	3.03642
0.120242	-2.76237
-3.67977	-2.20078
-2.36476	-3.22164
-3.66995	1.17832
-2.82951	-2.97293
-1.35235	3.72362
2.96699	-2.415
2.13889	-3.03003
2.76282	-2.30104
-2.42231	2.26655
-0.12047	-3.69393
-0.00285475	-3.24904
-3.4016	-2.81398
0.872524	3.24973
2.04685	3.48953
-0.324413	-2.97453
-2.31771	-3.43266
-2.88478	-2.4536
-0.851057	3.4925
-0.29815	2.17589
0.142395	-2.04777
2.17269	-2.49516
-3.33674	1.79632
-0.0302603	2.94872
-1.23679	3.10288
-2.44834	2.83134
-0.745088	2.35288
-0.421018	-3.69689
-1.67277	-2.47712
-3.59595	1.5346
3.19834	-1.91416
2.80119	-2.94941
-1.86826	-3.128
0.802412	2.66873
-1.11255	2.70938
3.18692	1.54145
3.1433	3.07684
2.42939	3.26891
-3.72019	-2.12998
3.66561	3.73092
2.03977	-2.53924
-3.49227	-1.48184
3.61422	-3.60646
3.29152	-1.39666
-0.607147	-3.59549
-0.532924	-2.96334
-1.79883	-3.15472
-3.41393	3.00628
-0.353417	-2.27318
-0.45596	3.51853
3.2431	-1.85775
-1.4268	-3.60897
3.672	-3.34907
0.756736	3.58682
-2.88272	3.37648
0.244024	-2.05644
0.562613	-2.98298
-3.43083	-2.55545
-3.63478	-1.72392
3.71494	3.31756
0.817256	3.32738
2.84367	3.19103
-3.60874	-1.38592
2.86811	2.7779
3.44591	1.92102
-2.36202	2.07974
2.922	2.2782
-3.635	3.0668
-3.68844	2.14528
-0.273941	-2.26518
2.04388	-3.71539
-3.23831	-2.05256
-3.30294	-2.26016
3.35889	-1.25963
-1.11643	-3.22324
2.22202	-2.11628
-2.5317	3.46897
-0.765643	2.53855
0.0323157	3.66104
1.42086	3.39749
0.0695416	-3.38561
-0.478798	2.54678
-1.71182	-3.39315
0.741434	2.44903
-0.740978	-2.13112
1.41995	2.67421
0.425585	-3.61422
2.4641	-3.48884
-2.5381	3.68091
3.26845	-1.89544
-3.68639	2.09504
-3.73709	1.5282
-2.46182	-2.01602
0.770667	-2.29853
2.33621	2.63858
-1.58735	-2.33804
2.8729	-2.48351
2.36339	-3.34656
-1.80957	-3.56786
1.44758	3.44431
2.39171	-2.14209
-1.74859	-3.65807
1.54305	3.37694
-2.67878	-3.26183
1.80591	3.14307
-1.34596	2.69454
-3.73366	-0.646885
-0.457559	-3.48747
-2.54129	1.99501
0.132574	-2.90602
-3.69301	1.51587
-2.26541	2.84367
-3.10882	3.38607
-1.12283	3.08849
2.47141	3.35455
-3.24493	-2.36795
-2.30789	2.7731
-2.38554	2.91972
1.03947	-2.82037
3.05401	-3.34884
3.62381	-3.69758
-1.25506	-2.4456
-3.53657	3.03551
1.74425	-3.66332
3.4491	-3.17459
-3.22369	1.6714
-3.61491	-1.88173
-3.17733	3.38995
3.56055	-1.86324
3.47331	3.73389
1.97788	2.96677
0.225525	-2.33004
-3.39749	2.72194
-1.11187	-3.18053
2.36795	3.28558
-0.0594929	-2.35699
-0.21205	-3.48496
-0.361182	-2.87496
-0.113162	3.49204
2.5212	-3.15952
3.03048	3.43449
-0.390187	-2.22978
-0.149018	3.23374
-0.0430496	-2.07654
-0.650539	2.35813
3.20542	-1.61339
1.2546	-3.38493
-2.50407	3.72225
3.27805	3.41644
0.72796	-2.66211
1.29663	-2.48306
-0.254301	2.89117
0.378311	-2.59154
1.81436	-2.96791
1.6497	-2.95672
0.419876	2.1615
3.61788	-1.81162
1.38455	2.78383
0.312309	2.88112
-2.51138	2.23435
2.08979	2.14643
0.881659	3.41051
3.38881	3.56421
2.71121	3.39658
-3.18464	-3.03391
1.38409	-3.20131
0.76884	3.23214
1.41767	-2.54632
-3.09786	-3.01016
-2.90236	-2.8238
0.774093	3.51077
-1.7849	3.64528
2.99874	-3.14604
-3.65145	-2.07357
2.38828	-3.11361
-2.36179	2.97339
-3.4571	-1.85981
2.11148	3.32418
2.95146	-2.70367
0.158381	-2.74798
-2.85349	-3.17893
2.4963	-3.27188
-2.2629	2.39056
-0.737095	-2.63287
-2.02653	2.96037
-3.36346	3.56466
3.50049	-1.01389
0.219587	-3.25795
-0.0224954	-2.94895
-3.19126	2.68723
1.66043	-2.83385
-2.68426	2.59839
2.59108	2.66142
0.953599	-2.22636
1.98976	-2.48032
0.864074	-2.43784
-2.94073	-2.35265
3.70923	3.27257
3.51259	2.88569
2.61278	-3.19263
0.65602	2.11765
3.11407	1.62321
3.47902	-2.67444
1.97172	-3.54616
0.751711	-3.165
1.74265	-3.49432
2.06238	-2.69614
-2.17657	-2.21357
-3.42627	-1.79815
-1.41652	2.64178
2.43327	-3.62564
-0.242197	2.68769
3.47217	-1.48687
-2.35836	2.83431
3.72932	-1.81893
-2.45497	3.32509
0.174825	3.09443
2.71737	3.69986
-1.06345	-3.51533
1.3608	-2.36727
-2.66942	2.84504
-2.21608	-3.37442
-1.48207	-2.79046
-1.96235	-3.16089
-1.37062	3.45002
2.687	3.71014
0.477428	2.26153
1.85456	-2.33689
0.719282	2.6057
0.197206	2.31908
1.71502	-2.55066
-1.39962	3.72864
-1.9434	-3.57403
-0.796017	-2.51526
-3.4	1.35121
-0.954056	3.44705
-2.10806	-2.64429
-2.67261	-1.92535
-1.98725	-2.65114
0.828447	-3.45093
3.26914	3.63044
-3.18669	-1.95002
-3.72841	-1.01777
-3.72932	3.06337
-1.92193	-3.63683
2.74889	2.95261
1.40237	-3.42512
-0.554392	3.15312
-3.46029	-3.10037
2.00049	-2.45154
2.26998	-2.26153
-2.42733	-2.32388
2.90396	-1.95207
3.69712	-0.602351
-3.62267	-2.09664
-3.50803	-2.24463
-1.76595	-2.40312
3.52926	-0.947433
2.60204	2.66279
0.956111	-2.58149
2.60364	-3.49752
-0.971413	2.98481
1.79267	-3.07022
1.76983	-3.04715
-3.25544	2.42048
0.959309	-2.555
2.38965	-3.37602
-3.40914	2.86993
1.80911	-3.61696
2.99577	2.28734
-1.03764	-2.99029
-1.80271	-3.73732
3.23443	-3.00353
2.46616	-2.52828
-3.04601	-2.33644
3.16134	3.19377
1.88128	-2.61049
-0.732756	2.2339
3.05309	-2.15373
-3.67429	-1.95733
0.449337	-3.15267
-3.49706	-1.8018
3.43015	-1.55173
2.17931	3.0097
3.11887	2.45428
1.77303	-3.28878
-0.270287	2.65411
3.29106	1.8082
-2.42619	2.39787
3.11635	1.79152
-3.50825	2.33849
3.63455	0.783
1.91439	2.79936
1.46905	3.72384
0.246307	2.07905
0.00605206	2.21745
-0.610345	2.3522
1.4839	-3.42489
-1.35783	-3.53178
-0.0339144	3.61331
-1.3455	-3.70535
3.73915	-1.20642
-0.959537	-3.56763
2.41957	-2.246
-1.79929	2.52942
-1.09771	3.64186
-2.53536	-2.11331
1.42452	-3.02112
-0.946291	-2.25536
2.44423	3.0821
-0.658761	-2.59291
-2.42825	3.3895
2.54289	2.04685
3.25612	2.43304
2.31223	-2.60707
-1.32791	3.44796
3.22712	-3.26297
-2.30058	-2.27226
0.791221	2.59885
-1.70497	2.73062
-3.51785	1.89155
-0.543429	2.40084
-3.38036	1.22446
2.70413	2.43967
1.43411	-3.61742
-2.43944	-2.9115
1.3576	-2.79411
-3.13874	-2.23595
-3.65647	-3.07228
3.32395	-1.99136
-3.66195	2.96425
-2.60478	2.36202
-0.715399	-3.46692
2.84161	-2.39947
-3.57243	-3.72704
2.15647	-3.00239
3.30226	-1.97948
1.7648	2.33918
2.65548	2.17726
2.54769	2.24303
-3.32989	-3.59275
-0.113847	-2.06923
-3.48359	1.13836
-1.91919	-2.47735
3.22164	-2.15419
-1.96098	2.30013
-1.51884	2.33484
0.782086	3.54799
-3.09603	3.52881
-3.60189	-3.2125
3.19994	-3.45595
-3.72727	1.54259
2.70618	3.20497
0.873666	3.1618
-0.387903	-2.62671
2.60707	-3.43197
3.73207	2.15944
3.67292	-2.75848
2.63881	2.34192
-3.07639	-3.51853
2.99714	3.11772
-3.27622	-2.40998
-1.7189	2.86468
-3.43357	1.739
-0.864303	-3.72362
1.09588	2.29967
-1.03422	3.15838
-3.64505	-3.58796
2.77767	-3.32464
-0.598697	-2.97179
-2.65594	2.49607
2.35334	-3.39132
-0.879832	-2.96859
-3.35273	1.93175
2.66234	-2.0585
-0.0757078	-3.44568
-1.53071	2.58811
1.06551	-2.21425
0.608974	3.16546
-3.65716	-3.49889
3.46189	3.40297
0.511913	-2.26221
-1.22537	-3.07821
0.438146	-3.00399
-3.56398	2.57669
1.32426	2.78406
-3.37123	-1.28955
0.248591	2.37503
1.49372	-3.45755
-3.73663	2.84093
-1.20093	3.56147
0.748057	2.87062
3.05743	-2.34329
-1.98017	-2.95512
3.39315	-3.54913
-0.0900958	3.52789
0.916145	3.51282
-2.98732	3.09534
-2.38234	2.06147
-2.36864	-3.32738
-2.28345	-3.3187
-2.15784	2.36476
1.18563	-2.78954
2.42208	-3.42832
-1.77873	3.53908
-1.38866	-2.6532
2.54266	2.43259
-2.54061	-3.16272
2.4335	3.37694
-0.986714	3.10128
0.740521	3.01952
1.05294	-3.13029
0.106082	-2.75757
3.55781	3.66766
-1.96783	3.16272
3.56215	1.53871
3.57174	3.68525
1.81482	3.25726
-3.44636	-2.6516
-0.0827876	2.93845
2.47689	-3.60554
-1.89064	-2.415
3.37419	-1.65404
-3.4708	1.45147
-3.05332	-1.81071
-3.20497	-1.85821
-2.52668	-3.371
-0.649397	-2.99508
-0.276225	2.10509
-2.23572	2.13501
0.505975	-3.40937
-2.55911	-3.14079
0.617653	2.50224
-3.01587	-2.84824
1.31901	3.53109
-2.62191	3.40731
-0.576316	-2.54266
-1.62161	3.47354
-0.00993451	2.68266
-2.74158	-3.26297
0.875493	-2.65914
0.477199	-2.53764
2.98732	-2.43921
-3.21319	-2.33918
-3.6905	2.02927
-2.88318	1.96007
-2.74935	2.98595
-2.25536	-2.12793
-1.34573	2.42642
2.80553	-2.98092
1.56885	-3.39932
-3.29586	-2.78086
-0.998818	-2.57098
-3.06291	2.8729
-2.43396	3.0942
-0.031859	3.41827
1.05477	2.34808
2.52713	3.6213
2.66074	3.11841
2.70344	-2.48055
-1.4316	-2.2259
3.091	2.08568
-0.965475	3.3815
2.3104	2.27843
-1.8694	-3.64802
1.11164	-2.50133
-0.512826	-3.45732
2.31269	2.56482
-3.01952	1.74722
-3.28353	2.54335
-1.61567	3.09306
1.74402	2.78498
3.73686	-0.253844
0.562842	-3.31322
-0.396353	-3.29221
1.64148	-2.23161
-1.11895	-2.7208
-3.45253	-3.57197
2.05256	-2.42825
3.58659	2.46958
3.36849	-2.11103
-3.12024	1.53916
3.17596	-2.35265
-2.31862	-2.51914
-0.336289	-2.55614
-0.730015	2.39308
-2.7836	-3.672
2.8745	-2.73245
-2.90122	-2.28505
3.32212	-3.61239
3.6535	-2.60227
3.69621	-1.82692
1.72803	-3.13006
-2.91538	2.72697
1.58781	-3.43837
0.693475	-2.67444
-2.56322	2.57076
2.64795	-3.08392
-1.56063	3.67862
1.35326	-3.51054
2.74843	2.07997
-3.38287	3.35296
2.43396	-3.49181
-3.44088	-1.81368
1.84154	-3.41439
2.29419	-2.12519
-0.762902	3.31916
0.190126	2.61278
3.72202	1.58233
-3.42832	-1.59946
1.47887	-2.71737
-2.51275	2.17337
-3.04441	-2.98412
2.39947	-2.45497
-2.25399	3.01358
-3.10265	-2.28003
-1.91257	-3.58727
3.59481	1.63417
-3.63181	-3.08096
-2.70664	2.05644
-1.36126	-3.72818
1.17079	3.56192
-1.41538	3.19606
-2.81261	3.70375
3.26914	-3.38904
-1.31946	-2.52302
-3.25978	-3.1095
-0.717683	-2.67193
1.98176	-2.78201
-3.11567	-1.82258
0.238086	2.46935
0.349535	-2.90921
-2.78064	2.84093
0.620622	3.20314
-2.08682	-3.63386
-2.66873	-2.62351
0.380823	-2.52805
-0.61377	2.13638
0.500266	-2.20489
3.06862	2.09504
-1.99981	-3.18099
-1.63074	3.39384
-3.1465	1.67094
2.97773	-3.42307
-2.65389	-3.00079
-1.23839	-2.30835
2.77401	1.94545
3.46418	2.35768
2.04457	3.12891
0.420789	-2.78292
-1.55675	2.84664
-3.73595	2.99349
2.32228	-2.34649
-0.42353	2.96928
0.655107	-3.34999
0.190126	2.20398
0.380138	-2.20101
-2.81033	-1.8726
-0.38402	-2.88569
-2.57464	-2.29076
-1.82761	-3.35113
1.72689	3.32875
-0.834157	-3.27028
1.74425	-3.65784
-2.84869	3.71699
3.47148	3.6857
-0.508487	-3.07365
-2.48306	3.10014
-3.33925	-3.07182
-0.122754	3.54959
0.113619	2.24623
-1.00955	3.04487
-1.71159	-3.62975
-1.08674	2.83042
-0.651224	2.18342
-1.60905	-2.76488
1.71821	-3.63021
3.30933	-2.10669
-0.0599496	-3.48816
-0.921626	3.13988
-3.67177	1.59123
2.28756	-3.32304
-1.60425	-3.47011
-1.64673	-3.10722
-0.506889	-2.79662
-2.34649	-3.42992
-0.629072	2.19416
1.30622	-3.12549
3.21433	3.72704
3.71928	2.11491
2.23869	-2.43396
3.11019	-1.77028
2.96608	-1.77531
3.58841	-1.77394
-0.133945	2.8021
-2.90967	-2.44766
-2.75369	3.29518
-1.01412	2.32822
2.79091	-2.22499
-3.68936	1.46106
-2.88044	1.74996
0.130976	-2.43601
-1.81231	2.21243
-0.249733	-2.5703
-3.5199	-2.78863
2.4657	-2.93479
-2.15579	-2.83887
2.56687	-1.9893
-2.43624	-2.64635
-0.508944	-3.49409
-1.5515	-2.37663
-0.546627	-2.77378
-0.708776	2.91881
3.62975	-1.97263
3.41348	-2.12062
-2.60456	2.00072
-0.434949	-3.72453
0.979863	-2.77493
-3.44134	3.11179
3.14102	2.35448
0.403889	3.64528
-0.267775	-3.64231
3.70238	3.4048
-1.41082	-2.70367
-0.332863	-3.41188
1.07921	3.26366
-2.1277	2.26907
-0.91546	2.92429
-0.752168	3.42215
1.74836	2.42345
1.33933	-3.07228
2.11537	-3.67771
1.59717	3.44887
1.62298	-2.67216
1.61384	-2.65389
2.15031	3.3388
3.5078	-1.34596
-3.11498	-1.89292
-3.15449	1.52135
-3.04556	2.66028
3.16683	-3.06885
-0.577001	-2.10966
3.2093	-2.7393
-2.78931	3.4386
0.835755	3.38401
-1.43274	2.23549
-3.2036	-1.81847
2.90076	-2.40746
1.49897	-2.84732
-0.159523	-2.97544
2.4826	3.10082
-3.21273	-3.59618
-3.5247	2.61004
-0.290385	3.36141
-2.66827	2.78909
2.20124	2.46227
-2.01716	2.99417
0.697814	3.26571
0.311624	2.10943
-1.6988	3.01473
-1.29731	-2.89802
-3.07342	-2.74661
1.10593	3.50369
3.38401	3.16774
3.71014	2.19187
-1.69697	-3.39269
3.42992	1.98176
-1.85912	-3.65556
1.90229	3.06223
-0.426727	3.00445
-3.16797	-3.17117
-0.690963	2.49927
0.691648	3.32806
-3.4169	3.20542
3.04715	2.15739
-0.989911	-3.03596
1.63303	3.13394
-0.490902	3.18121
2.79183	2.14049
-3.46783	-3.42033
0.132803	3.68479
-2.0183	3.4
3.71288	0.362553
1.56223	-2.60867
2.57144	3.10265
0.0722821	2.16173
3.35273	-2.18251
0.223698	2.31771
-3.1417	3.06291
-3.06954	-1.67162
3.05652	3.67977
-3.65008	-2.93045
-0.830046	-3.44065
-1.85296	2.26541
-1.94796	-2.58354
3.23146	3.72567
-1.34344	2.3595
-0.987856	2.415
3.34999	-2.8238
-2.74204	-2.63721
3.24356	-3.53155
-2.05759	2.34854
-1.80363	-3.02683
2.95009	-2.39399
3.41165	-2.3152
1.03833	-3.41599
-2.35699	2.64795
0.197891	3.26686
-3.37123	2.65
-3.28627	-2.57281
2.79845	-3.18715
2.38896	2.46867
1.5837	2.76579
3.06885	3.21479
-2.01397	-3.00171
2.0199	2.77538
-1.75042	-2.95717
1.19157	2.63447
-3.72636	3.57288
-1.1427	-3.51876
-1.65198	3.62724
-2.22362	3.71311
-2.57715	-3.55165
3.5384	-2.56687
3.25452	2.85235
2.91515	1.95893
-2.71121	-2.87176
1.19089	2.45268
-1.43731	2.86833
-1.50651	-2.42299
3.01039	2.6701
-0.226438	-3.15929
2.12085	3.48313
-2.54678	2.89209
2.46205	-2.40061
2.76488	1.89544
-2.19644	-2.78338
1.85821	3.11361
2.72628	3.52401
1.51815	3.16888
-2.85303	2.41569
0.648941	-3.00947
-1.02942	-3.32989
-0.920712	-2.72742
-0.623819	-2.14871
3.68319	2.66211
1.92239	3.37534
-1.44576	3.42946
1.82829	3.32144
3.55393	1.0671
-0.338573	2.80987
1.02714	-2.62968
-2.96243	2.56733
0.0777633	-2.12176
-0.141938	2.58286
2.70299	-1.92239
-3.0499	-1.92056
3.67771	2.32251
1.25392	-2.6653
-2.9775	3.54342
2.27295	3.23762
1.2932	-2.46798
3.07525	-2.09458
-1.90686	-3.32395
3.74097	0.483365
0.423758	2.39627
-2.37435	3.59732
-0.788252	2.51526
1.05386	2.25925
-2.20169	3.69964
-2.67124	-2.93137
-0.3066	-2.82266
-0.0197548	-2.31748
-2.14643	-2.39193
-0.0320873	-2.76488
3.27759	-3.12001
-1.88173	3.69941
2.621	-3.62107
2.43692	3.56969
2.08705	-2.85554
2.4303	-2.62168
-0.0955769	-2.95283
0.891937	-3.19377
-1.3053	2.42254
0.167973	-3.23991
-3.73229	3.47537
-1.60334	-2.57715
3.72681	-1.02668
0.422616	-3.3662
-3.53178	-2.48511
1.39346	2.83636
-1.37793	2.2903
-2.49219	-3.70055
3.58727	-1.27881
-0.0229522	3.03596
-2.83682	-2.44035
1.88128	-3.1666
0.939896	2.30218
-3.03551	-1.64901
-2.35288	-2.32273
0.138969	-3.72407
-0.466922	-3.56558
-3.69918	-1.81253
-3.15586	3.60349
0.38265	-3.25247
-0.701925	-3.57677
-0.688679	3.47217
-2.85143	-2.57624
1.76983	-2.35654
3.10014	-2.53947
-2.43829	-3.15061
-1.20642	3.10859
2.10486	3.03802
3.51122	1.39323
-3.51077	2.45177
-0.0654308	-2.24851
2.95306	-3.01495
2.87199	-3.22392
2.03315	2.68083
-1.28863	-3.54845
-3.43677	2.88364
0.259097	3.6261
-2.98549	2.7948
-3.72247	1.47453
-0.918657	3.08575
-2.02881	3.15312
-2.28688	3.69324
0.188756	2.32182
2.67398	-3.54228
0.920484	2.44812
-0.832101	2.25605
-3.15495	-2.61255
3.60874	2.01397
-1.93495	-3.15678
1.44142	3.27576
-3.36826	-1.25575
1.89955	-3.35204
2.97704	3.4491
-3.70101	0.496611
2.20603	-3.42421
-3.47811	-3.19606
-0.38265	-3.68867
-2.23755	3.231
-0.691191	-2.75574
-3.62884	2.8761
2.66142	2.36087
3.60851	2.5502
-2.27409	2.35654
3.51785	2.03703
2.35654	-3.44202
-1.70131	2.5059
-3.17345	2.996
2.63653	2.01556
-1.24844	-2.47621
-0.45733	2.35654
-3.69849	2.9622
-3.14924	1.82327
-1.63006	-3.40685
-2.24509	-2.45063
-2.00323	2.99143
-1.95459	-3.09991
2.15305	3.34519
-0.12892	-2.78109
3.67954	-0.94218
-1.85661	-3.31253
3.43289	-3.35433
3.42444	2.9759
3.50095	3.72681
3.371	-2.47917
-2.44446	-3.57311
2.70664	1.91439
2.58195	3.2036
-2.6822	2.13615
1.07852	3.64756
-2.18776	2.84458
1.82213	2.30766
1.03536	-3.12389
0.157468	3.21067
-0.573119	2.52599
-2.16858	2.19827
3.12024	3.60326
0.0652024	3.28947
-1.65838	3.36803
-2.26747	2.68791
0.723164	3.09146
2.05987	-3.29038
-0.0464753	-3.10379
1.17855	-3.13874
-0.367805	3.00742
0.0282049	3.53223
-3.37808	3.13325
-3.25749	-2.98298
2.5148	2.17703
2.7779	-3.50551
-2.6991	-2.45451
-2.70573	-2.62922
0.600981	2.4367
-2.34009	-2.58446
-0.133945	2.84732
-2.42414	3.03459
3.42969	3.53657
-2.76259	3.59709
1.08172	2.73816
-1.35783	-2.61141
-3.70809	3.5738
-2.74615	-3.18921
3.06817	-3.55507
0.0923796	3.334
-1.6191	2.88249
-2.64749	3.18418
-2.82357	1.94294
-0.989683	2.34786
-2.0199	2.46136
-1.84885	-2.46707
0.766328	3.36986
2.87267	3.15975
2.11171	2.46707
-2.3168	2.87815
1.82395	-3.1344
0.78711	-3.1296
-3.49615	3.41576
3.11841	-2.83773
0.993109	3.48405
0.262522	2.47552
-1.45603	-2.44949
-3.23283	-1.65427
-1.5652	2.35448
-1.76686	2.45542
1.24615	-3.5199
-2.90853	1.84633
0.94926	2.26221
2.91104	-2.14711
-2.32707	2.72491
-0.391328	3.51648
2.51298	2.9453
-1.18677	-2.7747
3.20885	1.86346
-1.74014	-3.04807
-3.58133	2.86377
-1.68989	3.15449
3.17802	3.0773
-1.20276	-2.40655
-0.0432779	2.64361
-3.30796	2.96836
1.71936	-3.59504
-1.17695	-2.90807
-1.64833	-3.58499
0.408685	-3.23397
1.96829	-2.79388
-1.40191	-2.84595
1.51062	-2.62214
-3.04853	-3.07616
-0.195379	2.39833
-3.5939	-2.93365
2.55523	-2.14871
3.43197	1.53757
-1.33933	3.60349
1.88128	2.761
1.43274	2.45976
0.278966	-2.12404
3.35981	-1.38866
-2.22841	2.76008
0.231006	-2.9654
0.329209	-3.20816
3.47697	-2.54586
-0.0382536	3.64505
1.79815	-2.8085
-3.55941	3.40982
3.49706	1.00681
-0.725676	-3.20314
1.9957	-3.17733
3.57517	-1.77143
-0.0352847	2.51069
-1.50057	-2.44126
-3.05652	-2.25856
-1.10433	2.28026
-2.3136	2.54563
2.68723	-2.01214
-2.71623	-2.56642
3.41713	-1.871
3.59801	-0.787567
0.124809	-3.66629
0.751711	-2.44104
-2.71144	-3.59412
2.72194	2.07266
-0.96753	-2.42482
-2.58925	-2.28117
-2.62305	-3.53931
2.20443	2.59679
-3.48953	-2.17703
1.29548	-2.3426
-2.59656	-2.01876
0.55599	-3.43015
0.446596	-2.44195
1.20505	-3.09466
-1.62047	-3.15495
-2.96448	-2.51868
3.43814	1.48846
2.23207	2.55317
-3.23808	1.83263
3.54822	-3.6181
3.04921	-3.14924
-2.56847	2.35699
1.60197	-2.88272
-0.201545	-2.51686
3.40617	-3.6535
3.63455	2.40655
3.55005	-1.98176
1.44462	3.03025
-3.03482	2.28688
-3.24151	2.97453
-0.392927	-2.66188
-1.35874	3.62244
-2.72331	2.45017
-3.01381	3.06931
-3.50026	-2.73268
1.45147	-3.42421
0.301347	-3.32829
-3.2157	-3.07707
-0.94218	2.68677
-0.772037	2.5534
2.09481	3.08552
-0.441344	-2.68586
-0.183275	-3.33103
3.41233	2.81215
-2.80279	-2.14277
-1.75475	-2.72948
2.98389	2.92086
-0.972783	-2.49493
1.48869	2.98869
-1.77851	-3.62062
0.650996	3.7138
-0.0044534	-2.47232
-0.462811	2.18936
0.942865	-2.24235
-3.29974	3.42467
2.73816	2.5196
3.71197	-1.0671
-3.42444	2.81855
-3.6414	-3.09786
1.96144	-2.89734
1.73511	-3.39064
2.88501	-2.23823
-2.68289	2.16196
2.80233	2.31474
2.87724	-2.57532
0.407315	-3.32075
-0.00605206	2.38577
3.24699	2.31794
-1.03262	2.81786
-2.34009	2.93479
-3.17254	3.51762
-2.32593	-2.26427
-0.140568	-3.51785
0.302032	-2.79571
0.941267	-2.50567
0.031859	3.03688
-3.19286	-3.22643
3.35478	3.28627
0.374657	-3.05012
-0.934415	-3.17048
3.65464	1.60768
-3.41667	-1.53734
3.70786	1.75293
-2.14734	2.26016
1.70657	2.555
-1.99912	-2.75848
-2.16972	-2.29533
-3.01107	-2.43921
3.38493	2.94507
-2.96722	2.69819
-2.33621	-3.14216
-1.70154	-2.90419
-3.44636	-1.89886
0.58842	2.82403
-1.07761	3.55644
2.71532	-3.06383
0.601209	3.72887
3.47126	-2.28003
1.1934	2.92063
-0.284675	2.24394
-3.23351	-2.04777
-0.44614	2.93228
-0.474459	-2.16081
2.8375	-2.64955
-2.77493	3.43586
0.630899	-3.68959
0.861562	2.23458
2.71007	-2.20055
-2.01876	2.91881
0.0978607	3.26183
3.69941	1.72392
0.0560672	-3.4475
0.473545	3.49158
0.257726	3.7396
2.2138	-3.17139
2.51023	3.39749
0.205427	-3.37191
-0.749428	3.44728
-1.15252	3.39064
3.643	-2.7948
-3.59732	2.48854
0.20794	-3.04008
-2.54084	-3.09717
-0.201317	2.32593
2.87085	-2.37709
3.06725	2.47072
2.18616	3.28947
-0.286959	2.92177
-0.341542	-2.20512
2.8592	-3.71037
2.35014	-2.8793
-1.69469	-3.27942
-1.37496	2.99234
3.69735	-3.60783
-3.71882	-0.378768
0.834842	-3.64071
2.74432	-3.49227
0.122754	-2.94849
-3.57174	2.90967
-1.86826	3.26434
-0.0325441	-2.96791
-1.68921	-3.35364
3.61171	-2.60958
-3.68228	-2.89505
3.61194	1.40237
0.204514	3.4644
2.51777	-3.47445
-3.01267	-1.99524
2.73131	-3.11407
2.92086	-2.4778
-0.170714	3.0435
1.46083	-2.40861
-0.40937	-2.15236
0.422845	-3.48222
-2.69362	-2.34397
1.07487	-2.37412
-3.64505	3.24859
-0.824793	3.36323
2.40061	2.31223
-2.09961	2.40678
-1.78193	-3.60577
-3.28673	1.43183
3.33651	3.59184
0.525159	2.35608
-3.40548	3.40023
-1.76549	2.56801
-1.32677	-2.33141
-0.940125	2.86536
3.6567	1.47773
3.39338	2.38531
-0.40663	3.29883
1.45329	-2.86308
-3.00742	-3.71151
-0.414166	-3.44431
-3.60235	1.4469
3.71905	0.781401
3.25293	-1.7221
0.79282	3.52378
-0.28399	-3.23306
-3.47308	-2.50019
-2.28848	3.18304
-2.50338	-3.11909
-3.00331	-2.26701
2.8544	2.33256
-3.51853	1.98565
-1.44827	3.28764
1.40282	3.56969
2.19621	3.20177
-2.66759	-3.63066
-1.18974	3.37237
1.65632	3.67177
-1.49737	2.82517
0.43198	3.67063
1.96304	-2.69339
-0.143308	-2.93411
0.473545	2.49585
1.31741	-3.72087
0.131661	2.34694
-3.19492	2.96106
1.51473	-3.6535
1.64993	-3.49432
2.53239	-3.20588
-1.76138	-2.21654
-3.61262	-2.85417
-0.90701	3.13143
-3.21342	3.13988
-0.747829	2.45908
-1.76823	-3.24356
0.407772	2.92657
0.0841579	-2.47872
3.13325	-2.46205
2.65891	-2.26244
-0.130291	2.716
2.62625	2.07357
-0.411426	2.52919
0.707863	2.52782
-2.9083	3.01906
-3.70946	-1.03353
0.25864	-2.97727
-2.41683	-3.62792
0.930989	3.66492
-2.82106	-2.9099
-1.82966	-2.41432
2.27295	2.83682
2.98344	-1.67299
-2.68563	3.47902
-0.631584	-2.26404
-1.8694	3.71334
-1.88516	3.10334
-0.209995	-2.56002
-0.445226	2.47232
0.593901	2.54678
-3.22118	2.56756
-2.64977	2.58263
3.67063	-2.78657
-2.25102	2.84161
0.474687	-3.51373
-1.3777	-2.31337
3.47308	1.15549
-2.8375	-3.643
-1.8726	3.24288
0.66881	-2.56345
1.43502	2.78657
-1.0091	-2.88272
2.85669	3.03779
-3.45093	-3.36232
3.32715	2.15762
-1.04952	-3.41553
2.98846	2.35722
0.0430496	3.45458
3.63409	-1.41767
2.87907	3.34633
3.54982	-3.16911
-3.73001	-0.657619
0.356615	-3.38698
-1.57822	-2.75643
-3.52196	-2.43373
-0.906781	2.83408
-0.412339	2.56801
3.55028	-1.85182
3.3895	-3.01906
-1.91736	3.63272
-3.06063	2.18502
-2.93274	3.63797
-2.8254	-2.58971
-2.09664	-2.48854
1.02645	-2.40998
-3.12275	2.30355
2.52143	-2.06695
2.82997	-1.8203
-1.97491	-3.50003
-0.951544	-2.19302
-3.01381	-1.72461
1.19865	3.40366
2.05781	-3.54525
-2.85691	-2.96996
-3.34999	-1.5958
-3.16431	3.36163
3.22575	1.56132
-2.58012	-2.7594
2.20238	3.11384
-3.25315	-3.4998
1.04427	2.91401
-1.68144	2.55111
1.13036	2.26724
-0.314821	3.03893
2.43967	-3.1771
0.746916	2.95809
-0.189441	2.3289
0.648712	2.25285
-1.14064	-2.22133
-0.30797	2.246
-2.06284	2.15876
-2.3659	2.19758
-2.15008	3.12343
2.51343	1.98656
-3.19149	3.01678
0.222099	3.59344
1.26922	-3.68685
1.06391	2.87062
-0.0460185	-2.53764
1.21098	-2.49996
0.698727	-2.91538
-2.34877	2.22773
3.24493	2.50338
-3.40503	1.16622
1.12625	-3.57426
2.44652	-2.32502
3.24242	1.74539
0.288558	3.42558
-1.22126	3.38013
2.58766	1.99775
0.463725	3.22461
-3.165	2.23823
2.94301	-2.95626
1.21578	2.89094
-1.42657	-2.78543
-0.696444	-2.13067
-2.07814	-2.52576
-2.33507	3.01975
-3.15792	1.95984
0.551651	3.43883
0.773864	3.53566
-1.12694	-2.9373
3.09671	2.33073
3.02043	-3.09854
-2.09184	-3.00993
-2.64795	2.9284
2.45931	3.41667
-3.42261	-3.00924
0.571292	-2.584
-3.45984	2.64064
-2.44081	2.53558
-1.69789	-3.73983
-1.68327	3.31367
-2.66782	3.46372
0.616054	-3.52401
-0.257041	2.0633
-0.984887	3.50665
0.208853	2.48831
-2.23161	-2.84892
0.493871	-3.47171
3.2278	1.7801
-0.957482	-3.63181
-0.187385	-3.11818
0.640719	3.67246
1.39917	-3.31984
-3.01975	1.73694
3.577	0.952457
-0.128692	-2.89757
-1.40419	3.05012
1.14567	3.62701
-1.49098	2.80325
-2.77424	-3.72818
1.32175	-2.46205
-0.42353	3.17002
2.84641	3.46623
0.49821	2.30378
-0.640491	2.70322
0.559416	2.83819
1.86027	2.28414
-2.97955	3.22369
-0.511456	-3.48724
0.243338	3.58133
-1.73329	3.17528
-2.58674	-2.18297
0.0387103	-3.42969
-3.1006	-1.76663
-0.107909	3.67086
3.36871	-1.4807
0.551879	2.42984
-2.02493	3.57494
-3.4402	2.58628
-2.21631	-3.39498
0.358899	-2.89094
-2.00985	2.6395
-2.91972	2.98412
0.952686	3.16386
2.18182	2.42162
-3.25681	2.54952
2.73268	-2.01123
2.17315	-3.11635
-1.86346	-2.25445
-0.67018	3.46829
-2.38668	-3.17687
1.26945	-3.0636
-0.611258	-2.22476
0.569465	2.60433
2.67649	-3.41074
-3.67177	-1.00978
2.83156	2.62123
-2.15373	-2.11765
-2.1293	2.72834
-3.25635	1.52866
2.29282	3.23991
-0.48976	3.20222
-3.53886	2.02424
0.604635	-3.45961
-0.182133	2.38965
-3.25155	-1.89407
0.135315	3.47537
0.347251	2.65959
-1.09405	-2.97841
-1.60014	3.12526
-2.80005	1.8847
-1.04998	2.73245
0.0154156	-2.1615
-0.109508	-2.43464
0.344282	-2.80096
2.66896	3.40023
-2.33826	-2.13249
0.246536	-2.74341
-2.23458	2.2661
-3.19355	-3.53543
1.94522	-2.95557
-2.69933	-3.0467
-1.52752	-2.97704
2.94279	-3.64642
0.557132	-2.62739
-3.20748	1.90389
-1.56771	2.91264
-3.10768	-2.35791
-3.46532	2.06535
-3.23397	-1.9386
-0.401149	2.3152
-2.73176	2.86811
3.6688	-0.776605
-2.62534	-3.57585
-0.939211	2.27181
-3.53726	-2.37366
-2.05781	-2.98504
-3.37237	-2.07471
-3.41279	-3.31002
0.599154	2.50909
-1.86072	2.74935
1.7881	3.31824
3.69941	-1.42132
3.62838	-0.796931
-1.73763	-2.44126
2.84732	3.38835
-1.79678	3.466
2.9131	2.05165
-1.37108	-3.47194
3.31527	-1.95482
1.15229	-3.6953
3.02318	3.56786
-3.51351	-2.87085
-1.37473	-3.00765
1.79883	3.61194
2.86194	2.37366
-3.42627	1.16348
-1.37998	2.8544
3.50437	1.99295
-0.287416	2.33598
2.52508	2.78589
0.672464	2.86217
1.39825	2.96859
2.11468	-3.7259
3.30637	-2.71098
3.44317	-2.12701
1.32746	3.41096
1.16028	2.93159
-1.29388	-3.03916
3.2865	-1.83606
-0.916145	-2.47529
2.52645	-3.37648
3.59709	-3.43586
-2.72286	3.68799
0.634781	-3.33194
-0.425129	-3.15312
2.89277	-3.33628
-2.55111	3.50049
2.47963	2.94004
1.41104	-3.36986
0.590247	-2.81626
2.60661	-2.283
2.65183	3.32007
-0.17551	3.48176
2.75277	3.58704
3.42261	-1.42201
-2.83682	-2.50635
-3.6921	-3.60531
-1.89292	3.00536
0.691191	2.28414
-0.767698	-2.52028
2.71852	-3.08575
2.3812	-2.98595
-2.00597	-2.57692
-3.52744	1.52912
-3.54388	-1.33796
-1.63645	2.85189
-1.61567	-3.16865
-2.83796	-3.68913
0.794875	-2.8254
-3.7396	-2.81581
-3.59755	3.23283
-3.67931	2.55728
0.306143	2.15214
-3.23557	1.57982
-2.09755	2.21722
-3.73298	-1.06436
0.369861	-2.51275
2.24988	-2.85235
3.72521	3.70055
-2.23869	-2.23915
-2.10669	3.6615
3.55187	-1.63097
1.87511	-2.87793
-0.890795	3.66492
3.66606	2.86377
3.04373	-3.14056
3.73732	0.941267
-2.68769	1.93997
-0.756507	3.04715
2.05393	-3.27987
2.41797	2.36019
-3.20816	3.13668
-3.09078	-1.68396
1.19271	-3.05149
-3.27302	2.17292
2.88934	2.20626
2.8238	-3.15609
2.84298	-3.14513
0.773408	-2.20284
-2.0279	2.96471
-0.00924937	3.22598
-1.81665	2.84093
3.15655	1.73466
2.20192	-3.4475
3.01404	3.03163
-3.49592	3.55187
-2.42916	-3.59458
-3.20085	2.86103
2.81695	-2.7039
0.954056	3.52949
1.74448	-3.55096
-3.42307	3.25567
-3.39018	3.6028
3.40754	-2.84504
-3.18669	-2.96722
-2.76282	2.43761
0.320074	-3.07365
0.357757	2.28368
-2.52576	-2.46387
-2.07814	2.25331
-0.170485	2.79091
3.20862	3.64482
2.02927	-2.74524
-1.65952	-3.47628
-3.04304	3.23465
-2.08682	-2.85212
-3.07821	2.40038
-0.0946633	-2.97453
1.94614	2.88957
2.26747	2.20306
-3.69621	0.865901
-0.344967	3.24447
2.27683	-2.98823
-0.199261	-2.94849
1.69903	2.46433
0.98443	-3.03414
-3.69598	-2.68883
-1.37679	3.67977
-3.42124	-2.95169
-0.620622	-3.44591
2.49196	3.5569
3.474	-1.51062
-1.72027	2.93959
-1.46928	3.26434
-1.8324	-2.8898
1.12762	-2.43487
-0.980091	-2.27934
2.7103	2.2492
0.300433	-3.40183
-2.35402	-2.36613
3.51191	-3.17665
3.73892	0.703295
-0.599382	2.63082
0.60532	-3.09968
0.941038	-2.4874
0.596642	-2.53376
3.43746	-1.20299
1.01001	2.35471
3.20337	2.87039
-3.67725	2.3104
-3.67885	1.62092
-0.392927	-2.26176
-1.2715	2.43327
-3.05675	2.13386
-0.124581	2.0939
2.05393	-2.22179
2.45634	3.38105
2.90739	1.82281
-1.3238	2.9992
3.72658	1.49554
0.761303	2.29601
0.969814	-2.97339
3.53954	1.66386
0.508259	3.09717
-1.39506	2.46661
-1.25803	3.30066
3.10585	-2.27843
-0.554163	3.60235
1.71981	-2.49927
0.84352	-3.00879
-0.804696	-3.14399
-1.20208	3.68091
1.49532	3.25018
2.81147	2.23001
1.23222	3.41051
2.27637	-2.52896
1.23222	-2.37892
-0.112934	-3.43563
1.43754	2.41911
3.09374	-2.77333
3.07319	3.22164
-1.15686	3.58978
-3.49341	1.67551
0.217532	3.48245
1.75133	-2.60524
-0.412796	2.82311
-2.54792	-2.42391
3.58316	3.21022
-0.117501	-2.86171
-1.64056	-3.58042
2.8592	-1.86689
-2.63356	2.98572
-3.63432	-0.871611
-3.59138	-3.55667
-3.00536	3.42558
-1.60654	-2.50247
1.79404	3.49935
0.604178	3.38036
-0.175053	-2.7361
-1.26374	-2.35448
-3.0499	2.58354
2.3627	-2.68426
1.76343	2.45405
2.97864	-2.64406
2.43441	-2.50361
0.505062	3.31573
-3.56352	2.25399
3.62107	1.27379
2.33324	-2.37618
1.96623	-2.57372
0.439517	3.46874
1.56155	-3.25315
0.482452	2.66987
0.965018	2.44241
-1.63234	3.68091
3.6889	2.01168
-1.08994	-3.41759
0.632269	2.26313
-2.7868	-2.20923
-3.60463	-3.35547
-3.03756	-3.25841
-1.64285	2.31657
-2.58172	3.5505
-0.0958052	3.14376
0.411883	2.30469
-2.2428	-2.27089
2.90853	-2.58583
3.6519	-1.64787
-2.89026	-3.72864
1.03924	3.22826
0.90838	2.32844
-0.0412225	-3.34268
2.90236	-3.70397
0.264806	2.79891
2.56208	-2.50178
2.71121	2.27478
1.77211	-3.41987
-2.44012	-2.75163
-3.61582	2.65114
-1.46814	2.78612
-0.481082	-3.49204
-0.475601	-2.19461
0.514425	-3.43951
-3.7122	-2.81238
-1.12625	2.83019
3.63774	2.07449
2.79731	2.68632
0.336517	-2.91241
2.83293	-3.61468
0.616282	2.36316
-1.78696	3.05583
-0.0711402	2.30332
3.05469	-3.57631
-3.39315	-1.77599
-3.13303	1.63166
0.78437	-3.19926
2.64749	2.46547
2.44035	3.13006
-0.717683	2.42277
3.3123	-2.50749
-2.81307	2.09367
-0.162264	-3.06337
0.120013	2.19941
-3.51259	-3.72339
-1.28612	3.39201
2.20238	-3.34451
1.03079	-2.386
-3.5062	3.61308
-0.847631	3.24699
3.12366	2.89254
-1.22035	-3.27531
-1.30827	-2.60958
-1.95847	2.17337
1.24889	-3.57266
0.109736	-2.79662
1.66614	-3.17094
-3.13736	-2.57578
2.48351	-3.2326
-0.687537	2.4657
2.2903	2.83088
0.144222	-3.05127
2.25719	-3.18989
0.838267	3.68548
-3.22072	2.63424
3.40685	-1.35326
-1.66226	-2.27181
3.60943	-2.59085
2.99737	2.49333
-2.15944	-3.29449
3.19195	1.65495
-0.3066	-3.71722
3.24539	3.10927
1.97491	3.73161
-3.28558	-1.80865
2.57989	2.93525
-1.89955	2.59679
-2.0014	2.69134
2.83887	-2.27752
3.24425	3.06634
0.267547	2.46273
2.89551	3.50095
3.01016	1.86346
0.280564	2.79548
2.9067	2.3595
-3.50346	3.45573
-3.10356	-2.6701
-3.03596	2.10966
-1.09656	-2.59725
-2.93525	-2.56208
2.56368	-3.35889
2.49904	-2.51503
-1.97126	2.54586
-1.20642	-2.30629
-3.72955	-0.304316
3.32144	2.69659
1.2884	-3.4539
2.83796	2.80051
-2.08956	-3.72316
1.80934	-3.02112
-1.20824	-2.80233
1.41812	-2.71349
0.693931	-2.69591
-1.27607	-3.30477
1.261	-2.81101
-0.186015	-2.86765
-3.27508	-1.82487
-2.56436	2.13181
-3.19834	1.5531
1.60128	-3.23443
-2.4198	-2.9759
-2.28345	-3.1095
-1.13059	-2.86902
1.30074	2.97978
3.38881	-3.41713
0.421246	2.96265
-3.39543	-2.43327
3.49752	3.05903
-0.764729	-3.32761
-1.54236	-2.32182
1.96943	-2.3474
2.58903	3.5167
0.299063	3.08255
3.12503	2.95717
1.04518	-3.00399
3.53338	-2.86171
-3.47468	-2.88592
-1.59968	-2.44446
3.1755	-3.19971
-3.66355	2.19461
3.16751	2.17566
2.52439	3.64049
-3.25978	3.05515
-3.10813	2.07129
0.00353988	-3.47057
-0.0916944	3.13805
2.83545	2.98481
1.18312	2.82586
-1.02051	-3.26777
-0.793962	-3.24585
1.5177	3.42033
3.7106	-1.01777
3.4925	2.57989
3.54068	-2.74021
-3.64003	2.17086
-1.20824	-2.68289
-3.47126	1.3576
3.02203	-3.08187
-1.29366	-3.20611
-0.433579	-3.32349
3.20976	3.71128
1.85479	-2.9976
-1.32015	-3.65853
-2.53193	2.70573
3.63523	-1.65198
2.85943	-2.58583
1.87945	2.60958
1.71113	-3.31619
2.40427	-2.24303
2.15739	-2.81375
-3.31367	-2.06649
3.67634	-1.56588
-2.75072	-2.17749
-2.56664	-2.48511
3.03756	2.79571
3.32464	-3.62724
-3.63683	-2.16881
0.136685	2.21448
2.88386	3.64049
1.5467	3.37328
-2.08728	-2.2677
0.699184	-2.74821
-2.63927	-3.38013
3.22118	-2.66713
3.33035	3.56626
3.72864	3.2431
0.788252	-2.27592
1.49326	2.78269
-1.66637	2.82152
-0.778889	-3.50528
-1.08469	-3.27942
-1.46334	2.28779
2.10212	-2.66873
0.971413	-2.41865
2.02082	2.90762
3.20839	2.04251
-2.07563	2.90008
-0.361182	3.5537
-1.018	-3.69644
-3.01975	3.29746
-3.25201	-2.17703
-1.83629	-3.02249
3.09991	-2.98138
3.24356	-1.80043
-0.0873552	-2.25947
-1.73489	-3.32235
-3.10197	-1.67231
3.66538	-2.8624
2.05188	3.32349
-0.870926	3.39087
2.79183	2.62305
-2.94827	2.43578
-3.08826	2.71692
2.89528	-2.55614
0.947661	3.27348
-2.50384	3.28056
-0.648256	2.24394
3.54959	-2.23938
3.08141	2.74661
1.02737	2.36864
-2.93548	-2.47529
3.66721	2.42162
1.25712	2.3949
1.10547	2.20855
0.116359	-2.21677
0.909065	3.04304
-2.4287	3.45892
-0.465552	-3.17436
-0.408685	3.1771
3.6398	2.44195
3.54708	2.56231
-3.67771	-1.06391
-3.6535	-1.09268
-2.0464	2.88523
1.16896	2.75666
2.68038	3.09648
-0.296551	2.35379
0.944692	2.36521
-2.62442	3.56535
0.738922	-3.62199
2.68083	2.64863
2.36544	2.89071
-3.16317	-2.68883
-3.61422	1.94956
-2.26587	-3.50483
-2.56984	-2.16355
-1.35509	-3.68433
-1.84222	3.72955
-0.491587	-2.45565
2.33849	-2.83339
0.978949	3.05903
2.3337	3.17779
0.165918	-2.12473
2.20124	-3.67154
-1.91553	3.05583
-1.62618	-2.68403
-2.42208	2.73131
-3.12092	3.27896
-1.77828	2.75392
-3.17824	-2.12519
-3.05698	2.85554
2.37206	-2.44195
2.81444	-2.48785
1.84496	2.52599
2.10075	-3.71585
-2.93479	2.12564
1.71433	-2.55956
-3.56032	0.98877
1.43502	2.6395
2.85166	-2.4689
3.42421	2.25102
1.03239	2.34192
3.37831	-3.27142
-2.43213	3.32783
-1.49395	2.73519
3.13348	2.55751
2.41089	2.75506
0.458244	-2.90876
1.98359	3.16865
2.40518	-2.80142
2.90419	-1.96989
1.68007	3.07068
-1.26945	-3.57357
1.38592	-3.27211
-0.808806	-3.1513
-1.13425	-2.44355
3.2125	-3.25018
-3.04944	-2.96654
0.602123	-3.18144
-1.22012	-3.18807
0.112934	-3.22757
2.06992	-3.38105
-3.41941	-2.6749
0.39247	2.36841
-2.34055	-2.58811
-2.07129	3.49409
3.15997	-1.54716
-0.503006	-3.09786
1.07738	2.21745
-0.495698	-3.6752
-3.68137	2.0633
2.69796	2.94484
-3.14011	1.63303
-2.90145	2.74113
1.96623	2.70207
2.04822	-2.98367
2.77995	1.95436
-2.49607	-2.08796
-1.75772	3.3863
2.24029	2.2001
3.09215	2.18205
-0.458244	2.55203
2.959	-2.48466
2.23161	3.03071
-3.22872	-2.26084
1.73945	-3.54685
-3.14559	3.38082
-0.374885	3.01267
-1.5129	-2.70459
3.66195	-2.89894
2.30492	-2.61301
2.61049	2.62168
3.15404	-2.76602
-3.69552	-1.87169
3.25955	2.89779
-2.8624	-3.01838
-2.76488	2.56573
-2.84435	3.42969
3.5489	3.14856
2.51549	-2.90556
1.13059	3.57106
-2.83956	-3.23877
-0.354788	-3.54023
3.61788	-1.74356
-2.20375	-2.33484
1.21075	2.25696
-1.93495	3.0974
-1.17467	-3.42512
-0.136228	-2.9284
3.48816	-1.39026
-1.77394	2.72948
3.2463	3.35707
-2.2243	-2.60844
-3.50026	3.17665
-0.212507	2.94872
2.42596	3.58773
-3.64345	-1.9185
2.69248	-2.7763
-1.14795	3.61285
1.14704	-2.5027
3.25612	-3.53954
-2.88158	2.16218
-0.993337	-3.06337
-1.74014	-3.52104
-2.22773	2.3522
1.95116	-2.33256
-0.0720538	-3.20976
-3.48153	-1.28475
2.00689	-2.35037
-1.22309	-3.66309
-0.0905525	-2.55111
-2.91675	-2.18411
2.92817	-2.37709
3.5521	-3.44157
1.49509	-2.96814
2.68061	2.34443
0.881659	-2.91561
1.25392	-2.76077
-2.87244	-2.30812
-1.31033	-3.06314
0.0556104	-3.1972
-2.08979	-2.63059
-3.60943	0.959994
3.67611	-0.732528
0.509857	2.28871
-2.25559	3.10653
3.32235	-1.99113
3.73983	3.73915
3.69895	2.75825
-1.24867	-2.26633
-3.27348	3.13965
-3.65305	-2.42162
0.606919	-2.26427
-2.36019	-3.61536
-2.55614	3.24493
-2.51183	2.51503
-1.16257	2.2581
0.952	-2.22499
0.642546	-3.00879
2.46273	-3.24242
3.17893	1.5161
3.63934	-2.29396
3.56147	2.10623
1.55995	3.56284
2.4858	-2.86605
-0.291983	-3.57288
-1.85501	3.42901
1.23473	2.64315
-1.6545	3.09237
3.53977	-1.50468
-2.1124	3.10859
2.33575	2.96768
2.81261	-3.41804
-1.9	3.00924
0.445911	-2.37252
2.57852	-3.31208
-1.04449	-2.22819
-2.2661	2.48785
-3.56809	2.18228
-3.19355	-2.68677
1.34641	2.96928
0.246307	2.63973
2.55819	2.33073
-1.91827	3.50551
-3.01975	-2.20603
1.53026	-2.77538
1.51747	3.50186
2.54997	-2.60044
-1.0751	-2.79251
-3.16294	-3.30477
0.99151	3.44111
-3.17368	-2.63059
-0.559416	3.09717
-0.787567	-2.8455
-2.10166	3.25567
1.74379	-3.45025
3.08164	1.87739
2.78498	-3.29997
3.34702	-2.74821
3.25795	-2.08659
0.369861	3.0467
-3.37808	-3.46829
-2.49082	3.72087
2.43464	3.25224
1.35349	-2.5824
-2.29145	3.54982
1.23108	2.59976
1.99592	-3.15152
-3.66972	2.86377
3.49067	-3.66561
-1.62823	2.91675
-2.32045	-3.42444
2.71715	1.94819
-3.66926	2.85189
-3.16865	-2.89642
2.76785	2.65046
2.05485	2.24326
-1.84017	-3.6953
2.82517	2.46821
-0.658304	3.69689
-0.415765	-2.51206
-2.68175	-3.07342
-3.73755	2.14757
-3.32464	-2.88386
2.33393	-3.18327
0.620622	-2.58994
2.93502	2.81284
-3.58682	3.18852
0.795789	3.61239
3.49044	-2.26084
2.93502	2.16652
3.37191	1.22811
-1.22994	-2.37229
1.19797	2.66827
-0.143765	3.59686
-3.20497	1.46677
-0.253387	-3.14513
-3.66629	2.88501
3.2294	-1.98291
-2.80987	-2.37618
3.36643	3.46029
0.413025	2.65937
0.399322	-3.5352
2.16333	-2.65343
0.352732	2.60067
3.11247	3.00194
1.81961	-3.34473
-1.04792	-3.27211
0.624047	-2.72377
-3.4724	-1.34641
0.394754	-2.16333
2.95192	2.9051
1.05272	3.01176
2.98526	-3.39795
-1.87191	-3.43951
-1.6465	-2.28071
0.257726	3.21593
-2.87381	2.55408
-1.14978	2.518
-2.83842	2.50224
-2.66942	2.27295
3.15609	2.75437
-1.08241	2.64726
0.466922	3.10151
1.87351	3.27416
-2.0295	-2.47621
1.08857	-2.70459
1.91759	2.42802
2.1213	2.34032
-1.40602	2.94735
1.87374	3.45162
3.53771	2.48374
-0.644601	2.59633
0.290613	-2.3828
3.27302	3.08621
2.81992	3.47971
-0.314593	2.15533
-3.00742	-1.67414
-2.05096	2.63196
2.14939	3.60737
-2.43327	-3.31664
2.84184	2.90624
2.94941	-3.63729
-3.3879	2.6653
3.29906	3.28992
-1.30964	-2.96951
-2.04525	-2.25856
0.814288	2.60775
-3.65168	2.46182
3.21045	1.73557
1.98816	3.52721
-3.71037	2.72171
2.37047	-2.988
2.04114	2.73131
-0.807893	-3.34222
2.84527	2.63059
-0.526072	-2.41637
2.95923	3.69575
-1.76732	-3.44887
2.92269	2.49014
0.956796	2.5164
-0.16272	2.2243
-0.23603	-2.64909
2.33872	2.96973
-3.0483	2.4335
1.12283	-2.4826
3.40411	-2.90602
3.51602	-1.68647
-3.69827	-3.53292
1.32997	3.03094
0.287644	-2.08865
-2.62968	-2.43875
3.09306	2.74775
3.61239	-2.2291
1.10981	3.55142
0.504376	2.81626
2.09824	2.21471
0.401149	3.37876
-1.00361	3.66995
0.734355	2.22545
-1.99478	-3.58819
2.09413	2.21677
2.92086	-1.98862
-2.64406	2.42436
2.18708	-3.42078
-1.46768	3.577
3.1449	3.05469
-2.90076	-3.65487
2.81147	-2.95946
0.282391	-2.19895
-2.21517	2.83225
2.27546	3.06588
1.59306	-3.41142
0.45596	-3.16614
2.26564	-2.98778
-3.26777	2.72651
1.80614	-3.13965
-1.52044	-3.14581
2.6363	3.48496
0.300662	-3.68844
-2.05028	3.65807
-2.95124	-3.37694
-1.41561	2.49859
-3.09534	-2.87724
-1.15434	-2.94598
1.75795	3.58499
3.64437	-2.91881
-1.99707	3.39224
3.06428	3.02751
-3.62199	1.33248
-1.17718	3.56238
2.20398	2.16675
1.36194	2.94233
-1.48709	-3.65168
-3.26023	1.9571
-0.863618	-3.43631
2.58423	-3.54525
2.96425	-2.22636
0.554848	3.52424
-2.13889	2.87381
0.566724	-3.22187
-0.879832	3.57837
3.57426	-1.70611
3.11795	-1.94545
3.67566	1.11735
3.00559	-2.19256
-2.21951	-3.4676
-0.221186	-3.16842
-0.48131	-2.93068
-2.75734	2.46045
-3.44659	1.90274
-3.466	-2.55294
1.37953	3.55416
-3.45276	1.13744
2.88204	3.54137
1.09314	2.9051
2.35402	-3.41485
3.23762	-1.99364
2.52097	2.09321
-0.669266	-2.75711
3.06794	1.61225
-2.20261	-3.26708
2.69111	2.22864
3.70512	-1.95527
-3.5754	-1.59946
3.10927	-2.46205
3.30226	3.69712
3.4507	-3.19926
-1.26008	3.05698
-2.89916	2.37001
-1.58598	-2.86925
-0.582482	-3.18258
-2.35379	-2.24714
-3.51122	-2.12176
2.3353	-3.54868
-3.37214	1.83149
1.09976	-3.55667
3.7275	1.35669
3.25772	3.45116
3.30477	-2.83864
2.56276	-2.2597
3.67999	2.40655
-3.48953	1.70223
3.61742	1.06573
3.63957	-1.07692
3.64482	0.756964
2.1293	2.67832
-2.50567	3.49866
0.581797	-2.51389
3.51419	-3.40845
-1.57114	2.30538
3.69507	-2.19142
-1.80066	-3.18898
-2.11811	2.75985
3.08461	-1.99113
3.37442	2.67284
0.511456	-2.49265
2.2412	2.97841
-1.36217	-3.32852
1.20847	2.34238
3.68936	-1.19568
-2.42162	-2.12838
1.82167	-2.87884
-1.47956	2.94393
3.6213	1.20916
1.39414	3.48793
1.60083	2.63584
-3.2664	3.31596
-3.08689	2.49745
3.51922	-2.28711
2.56801	1.99729
-0.861105	2.72857
-3.29061	-1.92421
2.65114	-3.05378
3.16066	-2.27774
2.32479	-2.20512
3.19332	-3.52972
-1.15069	-3.32829
2.20809	2.2798
-3.70329	3.70763
-1.95002	3.50277
2.86674	-1.86506
-1.89429	-2.78292
1.71753	-2.92383
-2.90031	-3.06588
2.77447	3.21753
-1.07327	3.53612
-1.70771	3.13896
-0.0709119	-2.08636
-0.104255	-2.64749
2.58377	-3.16386
3.52013	1.49828
-1.26945	-3.7243
-2.35448	2.93365
-1.88196	-3.10379
-3.32235	-1.61636
3.20748	-1.78855
-2.1631	2.11582
-2.80758	-1.91576
-3.03003	-3.34359
-1.84177	3.27736
1.05157	2.66553
0.431067	2.46867
-0.0467036	2.24417
1.70428	-2.29419
2.15556	2.50909
-2.35973	-3.58088
3.50323	-2.38211
-1.53528	-2.9823
0.532467	-2.37069
3.24493	-2.4689
3.5336	-2.92771
-0.591617	2.2476
-0.603722	2.4947
3.01769	2.61118
0.740521	2.57258
1.81893	-2.43122
1.20505	3.64871
3.17459	3.31778
0.738465	2.79114
-1.82487	-2.28848
-0.777747	-3.17254
1.33751	3.32486
-0.579057	-2.42733
0.311167	-2.0939
2.88112	-1.74493
-3.30294	-2.44332
3.37671	3.52652
-2.31154	-2.44149
-2.66667	-2.32365
2.64361	-2.86422
-3.2495	-3.71105
-1.33705	-3.58179
-2.73724	-2.54815
0.99014	-3.70329
-1.59672	-3.67269
-3.39589	1.25232
-1.61247	-3.30363
2.36521	-2.2983
3.36574	-3.66195
-2.56961	1.94728
-2.20124	-3.09215
0.175053	-2.33826
-2.6162	2.518
-1.55127	2.7192
-1.4437	2.41637
1.91531	3.47331
-1.09451	-2.43327
-2.66736	-1.97811
3.55667	-3.69644
0.963876	2.59062
-2.98435	1.85753
-0.317105	3.0604
-3.24881	-1.42132
-2.32068	3.30043
1.94111	-3.67132
-2.90054	-3.51099
1.35349	3.13029
2.23504	3.70192
-0.98169	-3.28992
3.30637	1.76183
0.914546	3.10174
-3.19058	2.10851
0.799214	2.48945
-0.674519	-2.87564
1.07487	2.36795
2.4609	3.23602
2.68061	-2.06626
1.75955	3.49957
3.24813	2.13227
-2.16538	2.32022
-3.55073	-3.65624
1.02303	-3.20222
-3.61856	-3.22141
-1.59329	3.54685
2.7087	-1.92033
-1.12283	2.29305
-3.57585	-0.907695
0.137142	-2.35402
-2.36818	2.06512
2.97887	2.33301
3.73686	-2.59062
-2.24988	-2.29305
-0.915231	2.17886
0.380823	3.44773
2.73245	-2.23823
3.08918	2.52165
2.76031	-2.47963
-2.69614	-2.24646
3.51922	-3.55507
-2.11719	3.56032
3.61468	1.83857
1.50856	2.3257
2.01511	-3.63706
2.16538	-3.52333
-0.566952	2.85349
-1.09611	3.51922
2.07654	-3.28627
0.477884	-3.06451
0.188527	-3.59641
3.22346	1.64011
3.38173	2.11948
2.03726	-3.72658
0.29244	-2.41409
-3.35981	3.70626
-2.43921	3.6213
-2.75734	-3.56512
3.45595	2.52805
2.50681	-2.74592
-3.18761	3.71768
3.39155	1.74882
-3.71334	-2.09687
-0.67155	-3.21067
1.12283	3.42147
2.76602	2.29693
-0.735268	3.12823
2.49037	-3.11567
-1.77805	3.51008
-2.45223	-3.73777
-0.15998	2.43692
3.23511	-2.28871
-0.817485	2.63584
-3.45481	2.95535
-2.23778	2.19804
0.509629	2.47392
0.32487	3.02843
3.55941	3.15038
-1.54921	-3.13417
1.94248	2.63333
-2.79525	-2.15305
-0.771581	-3.13599
-2.81946	2.16059
1.40853	3.61628
-0.180762	2.45976
0.77866	-2.6854
-3.31025	1.30804
3.57996	1.3423
-1.20002	-3.3219
0.420789	-2.9268
2.8359	-3.06223
-3.05401	2.16629
-1.02417	2.98549
-2.93182	1.87465
-0.101743	-3.07388
1.53163	3.11384
-2.49059	-2.07471
-1.87876	-3.51168
-3.07182	-3.01747
2.48785	2.37275
-2.12222	2.52234
-3.33057	3.26252
2.29145	2.16995
2.72377	3.21616
1.93289	3.04259
-1.89932	-2.86468
-0.400235	3.1465
0.485192	3.17345
-1.54693	3.43997
2.20124	2.41432
-2.96951	-1.86027
3.21045	2.09458
1.48161	-2.63013
-1.22537	3.128
3.07502	-3.1972
-1.84611	3.44887
3.71402	0.373058
-2.77744	2.21334
-1.35418	3.47171
-2.26952	-2.53033
3.56215	2.17817
-1.91119	2.90602
-1.18221	-2.74821
2.89254	-3.72247
1.91645	3.65853
2.77927	-2.14802
2.48694	-3.50346
1.88562	3.4064
-1.53779	-3.32098
-3.34839	2.67307
-3.66218	-1.85067
-2.42459	-3.47811
1.94956	2.95078
-3.61057	-2.42573
1.96121	3.67132
-1.31946	-2.36795
-0.303631	-3.67451
2.20923	3.71539
0.887826	2.67216
3.58339	-2.64361
2.2412	-2.70207
-3.19583	2.28916
-1.30393	-2.70185
-0.0412225	2.25856
3.59458	3.56946
2.62968	2.9775
0.564212	2.41637
2.86993	-3.03208
-0.938069	-3.6382
-0.00239799	2.34854
-1.63349	-2.95809
0.589334	-2.56505
-0.513968	-3.39315
3.66332	3.6768
-0.180306	-2.70139
1.17262	-2.96448
-3.54365	-3.02592
-3.53475	-1.37359
-2.84253	1.90252
-1.00544	2.59519
3.57266	-1.74105
0.0279765	-3.38881
-3.66789	2.51868
-2.01145	2.73884
1.32289	-3.10653
-2.06467	3.16043
0.326925	-2.93456
-3.59321	-3.54776
-2.30127	-2.84184
2.50475	2.57601
3.13554	-2.25673
-3.363	-2.4488
-2.97887	2.62579
-2.05896	-3.36323
2.24646	-2.53284
2.80941	3.40274
1.57228	3.71768
-0.272114	-2.25673
3.6857	-3.4708
-0.314821	3.01632
-1.46677	-3.0467
3.06131	2.60684
3.15815	1.96349
-2.66051	-3.58796
-1.82875	3.12549
1.91964	-3.61057
1.71616	-2.99828
2.53262	2.84321
-3.2881	2.68175
-0.276225	2.15236
0.0889539	-3.6937
-1.56634	-3.07342
-1.80043	-2.20695
-3.45139	3.06611
0.244937	2.96631
3.68707	-1.64536
-1.84474	2.66165
-2.79571	-3.297
-3.3372	-1.52638
0.536578	-2.22773
-2.19187	-2.658
2.64658	-2.92611
-1.08697	2.83042
-3.60189	0.955654
3.64391	-2.8898
-2.76008	2.97933
-2.04822	2.56208
0.746002	-3.54457
0.182133	-2.40609
1.19522	3.72156
3.26708	-2.42139
-1.07167	3.07205
-1.58598	3.66743
-3.53292	-3.4491
-0.278052	2.43281
-1.33431	-2.76808
-2.50544	-2.88729
-3.23831	3.05149
-0.835984	3.49158
1.58827	2.31109
-1.29114	3.01518
-3.13371	2.80233
3.63021	-3.15838
-2.22111	-3.14947
-2.54678	3.31687
3.13874	-3.2769
0.690277	3.50643
1.25438	2.22819
2.44469	2.21403
3.13942	2.84755
-0.121841	-3.16728
-0.877092	3.60828
-1.8219	3.02683
-2.68814	-2.35037
-1.23793	2.36156
2.87975	2.11537
2.62831	2.82426
1.2964	-2.658
2.47735	-2.00026
-1.43662	3.0314
3.42718	3.54183
1.68898	-2.80279
-1.5097	-2.74021
2.54906	-3.32829
0.795104	-2.57966
-3.42558	2.68449
1.68236	3.63569
0.142623	3.6688
-1.00476	-2.54837
1.37176	-2.98092
-3.63615	3.44134
0.15998	2.32045
-3.62221	1.55036
2.74318	-2.87587
-3.41896	2.91995
3.73983	0.772494
2.5703	3.2109
2.82882	-3.43974
-3.35273	-2.49927
-2.60364	3.68616
-1.79518	2.34671
-1.53163	-2.83248
-3.07433	1.82236
3.14513	-3.48222
-3.59435	-1.7205
3.03756	2.2935
0.239456	2.49311
0.472175	2.79137
-3.62975	2.47986
-2.06215	2.28551
-2.93571	3.69027
1.05317	-2.40564
3.40069	-2.02767
0.385619	-2.54107
3.24196	1.46403
-2.19005	-3.11201
-3.61719	3.51876
-2.87016	-2.93708
3.68593	2.38851
-2.05233	2.63379
-0.602123	3.19286
-3.17139	-2.12541
-1.4686	-2.41751
-1.27539	-3.28239
2.57304	3.50574
-2.86103	2.31291
2.56093	2.00803
-1.8847	2.48374
0.053555	-3.18487
-0.180077	2.35288
-2.91332	3.47217
1.09291	3.51328
-2.95877	-1.94796
-2.67855	-2.05987
3.51785	-2.50156
0.366892	-2.29761
3.3034	-1.82555
3.09831	3.00262
-2.16401	2.93091
-0.466009	-3.66013
-1.56063	-3.26115
0.437461	-2.46456
-3.47491	2.80119
1.49326	-2.7884
-0.0460185	-3.53246
3.56809	-2.75072
-3.38219	-2.7361
-3.55918	1.15823
3.19743	2.54632
-1.34253	-2.30561
-2.01922	2.92406
-1.17832	3.07068
-3.66584	2.85075
0.142851	-3.22392
2.81626	-3.52173
0.0467036	2.15944
1.79769	-2.40655
2.99394	1.74745
-0.0279765	-2.96106
-3.35547	-2.84755
-3.63432	-3.35707
-2.06581	-3.67429
2.42231	-3.3678
-0.334234	-2.8946
1.34755	2.67672
2.37755	3.15472
2.0279	3.00216
0.638892	2.7224
-1.54579	-3.50551
2.02561	-3.07707
2.54495	-3.49341
3.15312	3.21844
-3.32692	1.61088
2.01671	-3.24813
1.85136	-2.42162
3.46646	3.12001
-3.70557	3.68913
-0.533152	3.34245
-3.15883	3.46463
3.52378	3.43609
1.58393	2.50361
-0.481995	2.2645
-0.556675	2.23595
1.22423	3.09534
-0.955198	2.99166
0.601666	3.31573
1.31375	-3.22461
0.210223	-3.17094
-2.3981	2.73976
0.734126	-2.3595
-2.96243	1.70246
3.39795	1.94111
-3.26412	3.46669
-0.281249	-2.7948
-3.31093	-3.23123
0.382193	2.57578
1.41858	3.15746
0.680229	3.53018
2.51229	2.62283
-3.2865	-2.12587
2.27318	-3.04373
3.20679	-2.0722
0.462811	2.95283
3.71654	-0.490217
-0.686395	3.14673
-0.561015	-3.00947
-3.06885	2.78977
3.2632	-3.58362
-2.12907	3.73869
-0.542973	-2.35242
0.15016	-3.69461
3.70877	0.714714
2.95352	2.15442
-3.64437	2.36179
-1.86598	-2.45108
3.44134	1.77736
-3.06748	-2.54015
-3.15997	2.41637
0.986942	2.2138
3.19423	-2.3458
0.135772	-3.17596
0.703523	3.41256
1.36171	2.33438
0.643003	-2.12039
2.85143	2.23184
-3.68593	-0.798986
-3.68502	3.09557
-2.86422	-3.48267
3.42238	-2.17863
-0.616968	2.87107
-3.47902	-3.51579
-3.72499	-3.61925
-1.67231	2.31017
-2.91789	2.85052
0.295409	-2.33918
-1.77508	2.31017
2.74021	-3.18395
-3.57014	3.49135
2.30058	2.37914
-1.93403	3.54091
-2.86856	-2.65868
-3.68182	2.7916
-3.58202	2.39696
2.01511	-2.60364
-3.64345	2.28345
-2.32913	3.51054
2.13044	-2.41363
-2.24897	-3.54685
-2.70618	-2.82586
-3.72567	1.79632
-0.469663	-2.35151
-1.49029	3.48542
-1.72278	-2.44058
0.0620051	-2.0247
1.22286	3.07342
3.72247	-1.32403
1.9772	-2.47552
-2.23709	2.15784
-2.18639	-2.12975
-0.266405	-2.29898
-2.17086	-2.49607
3.20908	-1.65655
2.85897	-3.19012
3.60806	-2.57806
0.180077	-2.85143
-0.944007	-3.18944
2.27226	2.75414
-3.17231	3.59298
3.64871	-0.792363
0.940125	2.72514
3.66492	1.2642
-2.06033	3.69461
-2.02744	2.56368
1.54807	2.67056
-1.5974	3.31367
3.13896	-1.53597
3.06725	-3.46395
1.39643	-3.35159
0.191496	-2.61392
-1.67003	-3.38424
-1.30508	-2.96014
-2.70801	-3.24059
-1.91394	-3.25818
1.29868	3.12686
1.27036	2.2814
-3.50985	-1.95345
-2.37161	-3.39429
3.1771	-1.63349
-2.2814	-2.79502
-0.581569	-2.93936
-1.00042	-2.19005
3.35067	-3.30728
0.0103913	-2.7594
-3.63843	0.704665
-3.474	-3.27234
-3.18898	3.60874
2.78794	2.91698
1.91394	2.78794
0.997448	-2.72194
2.8117	-2.73793
0.643916	-3.23465
2.98252	-3.29152
1.2546	3.03596
-0.0147305	2.53147
2.66234	-3.60531
-0.452077	-2.28642
1.93929	2.60456
3.14102	-2.78018
-1.14133	-2.52439
-1.96144	2.87998
0.157468	2.22202
3.62564	1.36217
2.9389	2.02196
-3.62518	3.06017
0.0992309	-2.09892
-0.645058	-3.19674
3.36506	-2.88775
1.23565	-3.0572
-3.15335	-3.39406
3.19743	-3.15929
-1.42817	2.84504
0.541145	3.68867
-0.958852	-2.29716
1.60288	-2.8423
3.14376	3.01084
3.21067	1.96897
-1.14019	3.61947
1.69149	2.99417
1.87237	-2.91447
0.104484	3.24653
2.67627	-1.90389
2.27066	2.11422
2.12085	-3.66721
-0.90267	-2.30287
-1.56406	3.69438
1.34915	2.70984
0.905639	-2.80576
-1.61796	-2.98526
2.40404	-3.11864
-3.39772	-2.60867
0.933045	-3.23991
-3.41028	1.67825
2.05576	-3.16888
-1.25757	-2.53147
-3.72339	-0.384705
2.46707	-2.58446
-0.164319	3.20131
1.04335	-3.12914
0.640491	2.39787
2.71829	-3.22803
2.06581	2.90602
-3.31573	-1.31581
3.60417	1.31878
-0.461213	2.15191
-2.3828	-3.2431
-3.26457	3.06109
3.45184	2.09938
-2.52234	-3.54868
0.154956	-2.86674
2.37572	-2.04754
-3.48701	-1.42246
-0.155869	-2.23755
3.72864	-1.974
-1.89018	2.59702
0.686852	3.16979
-1.60996	2.9035
1.36126	3.70968
3.3799	3.29403
-0.063147	-2.4504
-1.45444	-2.85829
0.0135886	-3.10813
-2.94712	2.99349
-1.5821	-3.35775
-2.48055	3.01655
3.35501	3.05789
-2.97362	1.78627
-1.14156	3.41507
3.03094	1.78604
-1.96646	2.58332
3.45687	-1.91713
0.462355	-2.32822
2.61301	2.91378
-3.66858	-1.22263
0.757649	3.56763
-3.68045	3.24607
3.26617	3.28787
-1.11895	3.73869
-0.159752	-3.43494
1.40716	2.5687
0.623591	2.63242
-0.964105	2.17566
3.21821	-2.15922
3.4137	-1.1934
-2.48466	2.98846
3.71151	-2.36042
-2.60433	-2.33849
0.297236	2.06672
1.3423	-2.56642
0.653052	3.22529
1.2135	2.78726
0.637522	-2.29898
0.0624618	-3.54388
3.07182	-2.63287
1.83971	2.40038
1.91325	3.62884
-2.15853	-2.58537
-1.28384	3.44111
-1.89978	-3.01769
-0.857223	-3.1924
0.900158	2.45931
-1.35852	2.60935
2.99737	-2.37709
1.03376	-2.84983
0.736638	-2.46433
-3.46829	1.52843
0.184645	-3.09877
0.658989	-3.58133
3.06268	-2.54358
-3.13622	2.4947
-2.98549	-2.20855
-2.52165	2.02972
0.171856	2.75666
3.60828	1.09245
0.292668	-2.03612
-3.05766	-1.74128
-1.73717	3.65487
1.90137	-3.03368
-1.49486	3.12937
3.47285	-3.23283
2.94416	2.94621
-1.50582	2.68928
-0.978949	-2.18639
-1.80294	2.91561
-1.18655	-3.40708
3.54548	-2.94438
1.82418	3.27645
-3.19994	-3.02249
-0.662415	-3.07525
-3.69735	-2.00506
0.5786	-2.65411
-2.45748	-2.60752
-0.245166	2.75803
-0.915231	3.54616
-0.334234	-2.16812
1.41744	-3.33149
3.36255	-2.52805
3.36278	1.68533
3.72293	0.81817
-3.52013	1.2916
3.37694	-1.65244
3.32053	-3.10745
2.73496	1.89726
-1.17832	-3.70557
-2.40861	-3.62221
-3.27759	-3.73755
-0.0512712	-2.31817
-3.45207	-3.0435
0.484964	-2.60159
-2.54107	3.69073
-0.303631	3.62084
-0.440202	2.70618
-3.21775	3.69872
0.385162	2.29601
-0.297921	3.63363
2.12404	-3.67634
-3.4137	-1.98999
2.35471	3.47468
-1.45466	-3.60851
-2.08591	-3.5432
0.944007	3.22164
-3.68479	1.51085
2.8946	1.98907
-3.01906	-3.56946
1.84816	2.60456
2.82928	2.49082
-2.24143	2.25559
-2.33895	-3.27782
-3.41987	1.33202
-1.02645	-3.23443
0.657847	2.85806
1.18952	-2.36293
-3.45299	1.39437
-2.94438	-1.73077
-2.12085	2.75003
-1.48572	2.37686
-0.892165	-2.55477
2.01054	-3.62427
2.59862	1.93792
-0.714257	2.18457
-2.22476	3.28832
-3.69872	-3.14719
-0.10083	-2.83933
3.24333	-3.6857
-1.04175	-2.49402
-1.32266	-3.69507
-2.4166	-2.45999
-0.13737	-3.29449
-2.74478	3.61536
-0.672464	-2.46981
-0.259325	3.36597
0.741206	-2.24052
1.32517	-2.86948
1.69994	3.00468
2.21814	-3.16363
-3.30728	-2.61004
2.43647	-2.62191
3.13805	-2.28482
2.63287	1.97331
3.52675	3.42535
-0.803782	-2.36316
-3.13896	2.25856
3.31733	-1.72347
3.03345	3.00376
-0.286045	2.71715
-3.56855	3.44248
-3.37716	2.36978
1.60745	-3.72704
3.24356	-3.39224
1.59763	-2.9204
0.99722	2.78886
-1.96578	3.15997
3.44065	1.38752
-2.80462	-1.84337
-2.65366	-2.46296
-1.76366	2.85851
2.82951	-2.90442
-1.34938	-2.29784
3.07502	1.95299
1.10616	2.46913
1.22195	-3.54685
2.18868	-3.32555
-0.53201	2.27934
-3.36004	-3.46806
-3.47126	-1.08515
2.96265	-2.41865
-0.0578942	2.02653
1.68099	-2.42482
0.373972	-2.17771
0.95063	2.31977
-3.31756	-2.56345
2.02264	-3.09603
0.493414	-2.66051
3.61102	2.06718
-1.52409	-3.00125
3.06588	3.29563
-2.85075	2.42345
3.07045	-3.02683
-1.39346	2.386
3.45413	1.99432
-3.57174	3.27576
0.384705	3.03345
3.33423	3.42581
1.54008	-3.30637
-0.758563	-2.85075
0.292668	3.51693
2.24075	2.69956
2.10281	3.34702
-0.387674	-2.96448
0.809948	2.43167
1.58073	-3.14536
-1.59192	2.69134
1.15617	3.31253
3.2527	-1.75201
0.573804	3.02934
2.58514	-2.30972
-1.33636	3.09603
-3.1111	3.15723
2.7377	2.55271
-2.74569	-2.29601
-1.59854	2.25308
-3.20519	1.52386
1.90457	-3.17436
-1.88516	-2.63173
-2.10098	-2.8222
-1.72461	-2.71509
-3.61605	-1.29114
0.0620051	3.49661
-2.11308	-3.24516
1.18769	2.7779
0.797616	-3.4925
-1.23451	3.13417
3.09808	2.08088
0.595271	3.5569
-2.91469	2.42962
-1.03993	2.31634
0.504148	3.31893
1.32814	3.06451
-1.13379	2.36019
3.71288	-0.670637
-3.26983	1.62869
-3.1988	-2.00734
-2.55248	-2.59793
-0.930761	-3.73161
1.43502	2.87313
-0.07822	2.62283
2.58811	-2.43007
2.217	-3.26412
-0.0435063	-2.76693
0.96045	3.63089
-0.320759	2.43213
-3.26868	-3.53886
-0.101286	3.61171
0.67155	2.44537
-0.710832	3.06291
-1.6006	-2.26404
3.37876	-2.39627
3.56581	-2.89483
3.50026	1.2747
-3.11704	2.40655
1.56406	-3.32304
-2.0786	-2.64749
-2.2106	-3.50026
3.03505	-2.2476
1.72758	2.39399
2.99371	-3.63523
1.17558	2.8745
-0.0964904	2.27386
-0.838953	3.55736
2.7055	-1.95139
0.384705	-2.87153
-1.21578	3.062
3.05195	3.503
-1.22126	2.4182
0.638435	2.2275
0.0683997	2.82517
3.27211	3.01221
-1.72598	2.74684
-0.336061	-3.57859
-2.91607	2.09002
2.65046	-3.04738
-1.03445	3.56832
-1.45786	3.41074
1.53368	-3.1159
-3.31916	3.23511
-1.31672	-2.34717
3.41736	-2.91766
-1.29731	-3.30842
1.60745	2.63105
-1.83309	-3.02637
-1.97765	-2.16675
-2.45702	-2.19256
-1.7221	3.27234
-3.59207	-3.54457
-1.38912	2.30858
3.43631	-3.25589
-0.278966	3.62998
-2.33301	-3.62359
-0.156326	3.58682
3.42878	-1.68076
-1.6529	3.60098
1.38227	-3.07113
2.76579	-3.24219
-3.10859	-3.29175
-2.79685	1.91553
-0.268917	2.27181
-1.34436	3.36849
-3.56466	-2.72765
0.0508145	3.30659
1.4606	-3.54936
-0.53909	-2.7409
-3.033	-1.67825
0.0533266	-3.51236
-3.39406	2.71121
-0.319161	-2.63744
0.418049	3.44111
-0.190354	2.09595
0.802183	-2.14483
3.73823	1.11255
1.59649	2.83613
0.116588	-2.10532
-3.16157	-1.66363
2.27135	3.57243
-1.41561	3.13417
-3.26708	-2.5518
-0.507345	3.47263
-1.81893	3.46509
0.334005	3.43768
0.262979	-3.31801
1.09565	2.90076
3.02432	-1.90914
-3.18715	2.65137
0.27554	3.00833
3.6277	1.21258
1.17878	2.58126
3.09808	-1.7664
-3.73115	3.61536
-1.43137	-2.29213
-2.61597	2.84687
-3.10699	-2.21562
0.190811	-3.52904
-0.230549	3.12869
-0.183503	-3.25338
-0.317333	-2.52165
-1.34892	-2.50795
0.624504	3.21136
1.14041	-3.06862
-2.22545	3.60189
-2.94004	-3.22895
0.395896	-2.43259
1.4686	2.85783
-0.881431	-3.2769
2.62442	-2.64795
-1.2103	2.54723
1.1733	-3.25452
-0.384477	-2.48009
3.1433	2.65685
-2.15305	3.46943
2.97887	2.43144
0.824336	-2.5317
2.06695	3.55028
-3.50528	-2.33278
1.79609	-3.73275
-1.37839	3.33765
-0.363695	-3.04282
1.9845	-2.21471
-1.63029	-3.05469
3.45253	-2.19233
-1.86529	3.64186
0.0261495	2.68654
-1.23085	3.68959
-2.91629	3.26343
-3.10037	2.0722
1.64764	-3.52675
0.905183	3.67634
-0.422845	-3.69484
-1.24661	3.06406
-0.952914	-2.67741
0.343369	-2.97293
3.61125	3.19355
-0.947204	2.90739
-2.25034	3.25293
-3.18555	-3.28673
2.91629	-2.65685
-1.2546	2.79
-0.431067	3.71494
-2.3691	3.07981
-3.48222	3.17276
-0.47423	3.64688
-3.16546	-3.55964
-2.05211	-3.50506
3.31504	3.3525
-3.63569	0.870697
2.05302	2.2967
-3.71471	1.40145
-2.24189	-2.38394
3.49912	1.2087
2.56093	-2.49288
-0.939668	-2.35676
-1.25666	-3.68159
-3.39429	-2.25422
-3.44065	2.37412
-0.0610915	-2.07974
3.4137	3.13143
-2.08682	-2.2814
2.44423	-3.62313
3.59641	-2.03018
-1.21212	-2.94393
1.63988	-3.26343
-1.54944	-2.58286
-2.6733	2.80507
-2.67718	-3.40845
-0.462126	2.33781
0.40937	2.7256
-1.77485	-3.5368
3.01039	2.57418
0.781172	-2.15282
-1.62435	-2.23115
-3.49318	1.02257
3.5585	3.25384
-1.05249	3.6551
0.972098	-3.35775
-1.68875	3.27805
3.05104	3.48564
0.195836	3.53977
1.93129	-2.60022
-2.74821	-3.59983
-0.553706	2.76031
-3.09923	3.2479
0.602808	-3.45504
-2.55089	-3.23283
-1.45307	3.1079
3.51054	-2.93456
1.72255	2.46022
3.40092	-2.84869
-3.14148	-3.09626
-2.72331	-3.13599
0.510999	2.43807
-1.20162	-2.95352
2.9236	2.06056
-0.524245	3.35364
-0.0754795	2.83248
-0.399779	3.1433
-0.417821	2.68746
1.32494	2.96677
1.18769	-2.52873
3.20382	-2.12519
3.41507	3.16203
1.79495	-2.47552
1.3391	-2.74021
-1.69492	-3.6567
-1.53071	3.5907
1.83126	-3.66926
2.90419	-3.0958
-2.32776	2.17452
-0.52219	-3.65145
3.65624	3.44933
-2.60798	-3.02683
-2.66622	2.51709
0.541831	-2.92132
-0.93373	2.74661
0.280793	2.88889
1.70931	2.30766
-2.51686	2.58332
0.125038	3.06908
-0.185787	3.73663
-2.73587	1.90571
-1.1057	2.82083
-0.766328	2.49882
3.07182	-3.31025
-2.33575	3.51762
3.29723	-3.20793
-3.2109	2.54107
3.01335	-3.05058
-0.532695	-3.17733
-1.58347	3.56329
-3.53908	0.971641
-2.00574	3.60965
-2.88501	-1.94888
3.46418	2.3474
2.83293	2.23275
0.677717	-2.17771
3.13348	3.31961
-0.803782	-3.59549
0.814288	-2.29099
0.677945	2.34443
0.0868984	3.26617
-0.635923	3.49957
-0.254301	3.65213
3.44385	2.9896
0.774093	-2.55911
-3.58202	1.70497
0.278966	-2.2629
2.75163	-2.04457
2.63539	-3.42786
-0.462355	2.81809
1.52912	3.45687
3.43015	-2.34854
2.07038	3.05035
-2.72971	-2.93319
2.78109	3.49638
-2.67398	2.753
0.170485	2.32114
-3.66469	-1.2135
-3.37077	3.39658
3.30431	-1.71913
-3.49843	-2.3257
1.33339	-3.17345
-3.66013	3.70238
2.75711	2.48443
-3.41919	-3.29106
-2.97225	-3.10402
-2.64406	3.01906
-0.625189	-2.90921
-0.899701	-2.73679
-0.392242	-2.61871
3.46806	3.45253
-1.41721	-3.47377
-0.196749	2.91058
-0.233518	2.16584
0.278052	3.70169
-2.57783	-2.11285
-1.48504	-3.66675
2.74341	2.53787
3.26275	-1.81231
-3.05309	1.78627
-2.74455	-3.40251
-3.52333	-2.72194
2.05165	2.87884
-2.2074	-3.13531
1.36994	2.44994
1.26488	3.72316
1.2546	-2.68152
-1.95824	2.2734
-0.260467	-2.54815
-2.97247	-3.68068
-0.954284	-2.90899
3.5738	3.29792
-0.484279	-3.06862
0.824108	2.4673
-3.50072	1.01275
-1.41675	3.59504
2.31451	3.03345
3.10311	-1.69857
-2.59222	-2.73108
2.49333	3.15152
1.78056	2.19256
-0.982375	-2.64292
-0.105169	3.34747
-2.82289	-2.15282
1.8662	-3.68365
-1.76458	3.58864
-2.68791	3.37968
-0.101971	3.19811
0.19378	2.18205
-2.61141	-2.12541
2.79365	-3.51648
0.885999	2.56642
2.74706	1.98062
3.46007	-3.12663
3.2262	-2.11445
3.61925	3.26297
-0.39818	3.35866
-0.904497	-3.091
-1.04427	3.52949
-1.97172	2.70185
-3.5432	3.41622
0.798529	2.23161
-3.10448	-2.32319
-3.56695	-2.45177
-3.74166	0.111107
-3.65327	2.18982
-3.1248	-2.10737
-0.84078	-2.32753
-1.97514	-2.94575
2.74204	1.91713
-2.02698	3.20222
-0.405031	3.11476
-2.98435	-1.81276
-3.30043	-3.1602
3.43152	-2.35654
-0.709461	2.70573
-0.845804	-3.01906
3.31413	-3.62221
2.82152	-3.60052
-0.337659	2.25947
-0.706721	-2.12176
-1.65084	2.52554
3.19537	-2.17269
-3.44476	-3.43426
3.48382	2.1277
0.156097	2.7441
-1.79541	3.70991
2.44971	-3.45641
-3.54251	-2.30172
-3.12983	-3.61331
3.59983	1.38295
-0.5786	-3.60257
-2.01168	2.2798
-1.39574	-3.65876
-3.65898	3.27257
-1.74927	2.22819
3.54479	2.99394
3.20793	2.62511
1.48709	-2.85737
-3.70443	1.49212
2.69636	-3.18807
1.30622	3.04807
-1.94248	3.18532
3.67017	1.10867
1.54602	-2.24874
3.19126	3.72247
-0.947204	-2.58674
-1.62526	2.29601
0.0430496	2.45634
-0.696444	-2.84572
3.46989	3.23328
-0.786882	2.43259
1.83423	-3.52127
3.67314	3.51373
-3.54297	0.982832
3.62747	-2.29761
1.96943	-2.74432
-1.61499	-3.46052
1.42155	3.0145
0.232833	-3.62952
-0.382878	-3.62381
2.48603	2.23686
3.38767	3.43243
-2.07883	3.11932
2.91972	-3.48405
-2.23595	-3.55736
3.39726	2.31497
-3.63112	1.11598
1.60197	-3.66675
-0.679315	2.83796
2.51891	2.03406
-2.64863	-3.29837
3.62655	-0.78574
3.55576	-1.16417
-1.18266	-3.04419
3.202	1.49189
-0.471261	3.2358
3.30271	-3.54137
2.72742	-2.85966
2.81855	2.05302
-0.166375	2.62968
1.026	-2.40267
0.702381	2.69362
-1.8404	-2.74912
3.12161	-2.95443
-3.67063	-2.90944
-1.32243	2.69385
-1.84291	-2.47438
3.4233	1.94111
-3.42718	-3.23602
3.02386	2.69202
-3.60714	-3.62404
3.62518	2.3015
3.17139	-2.38074
-0.550737	-2.91447
-1.93472	-3.32875
0.277139	3.41987
1.48024	-2.38143
3.63066	-2.35379
-2.81672	-3.14193
-1.99707	-2.24554
-3.43197	1.75293
2.38303	2.25354
-3.00034	-2.39719
-0.916602	2.819
3.50117	2.76808
-3.7259	-2.52919
1.22263	-3.05081
2.57783	2.21974
2.52417	3.40594
0.6631	-2.93593
1.12854	-2.66599
2.51275	-2.66667
-0.158153	-3.39977
-3.13942	3.08552
1.36263	2.66188
-3.53178	-2.36613
0.957482	3.61605
1.37816	-2.68015
-1.93792	-2.25925
-0.180762	-2.97156
-2.86605	-2.83956
-1.67117	2.959
-3.72932	-0.671322
1.39848	2.8962
3.60257	-1.98839
1.10707	-2.65457
-2.452	2.48466
-2.65114	2.62305
-2.7836	3.20611
1.34733	3.35844
-0.372373	-2.15054
-1.21395	3.71014
-3.21387	3.28627
0.324413	-2.54769
1.26031	2.28482
-2.99623	-2.52211
-1.2932	3.4354
0.519678	2.35128
-0.315963	-2.07357
-3.46372	-3.08826
-0.053555	-3.71128
0.740293	3.68707
-3.10905	-3.25338
0.953371	-2.92406
2.03589	-3.13234
0.115903	-2.50818
0.723621	-3.28421
-3.39863	-2.05051
0.733441	-3.15701
0.530412	3.09603
-2.41569	-2.83042
1.87283	3.5585
2.06535	3.07296
0.542059	-2.91835
-1.74105	3.49455
-0.690734	2.27637
3.63363	-1.94842
-0.743718	-2.88569
3.62153	-3.44659
2.15214	-2.73793
1.25666	3.01016
0.577229	2.27021
2.44789	-3.11681
0.252702	2.76556
-2.60364	3.31367
3.70146	3.48679
-3.37762	-3.70101
3.69461	-0.778432
-0.218673	2.48374
-3.19606	3.53155
-0.776376	2.93137
0.41508	-3.55005
3.71174	-2.64269
-2.56664	-2.51275
-3.63066	3.68433
0.253844	2.25308
2.85783	2.38189
0.433807	2.19621
0.674291	-3.73503
-1.94888	-3.06931
1.84565	-2.34854
-3.44362	-1.82304
2.92406	2.13683
-3.49181	-3.606
-3.01906	3.01701
2.67147	-2.5116
2.27683	3.62998
-1.63577	3.41005
0.0323157	2.69796
-3.52081	-3.09968
-3.72065	-3.50665
-3.07821	3.65305
2.68586	-2.22156
0.65465	2.52325
3.4571	1.23816
1.04906	-3.00445
2.53604	-3.55827
3.53566	1.77028
1.89247	2.85098
2.13181	3.68479
1.16142	3.12458
-3.6245	-2.66028
-1.54122	2.45794
-1.05546	2.58606
-1.85479	-3.67543
-0.017471	2.30538
-0.0926079	-2.5671
3.01747	-1.7479
-3.16888	3.49569
2.68289	2.9558
3.39658	2.77904
-0.820911	2.20147
-3.60646	1.1564
-2.20398	2.1736
3.4877	-2.1277
-1.2304	2.43875
-1.08903	3.65419
2.45725	-2.98001
0.0640605	-2.83339
-2.79365	-2.24577
0.158153	-3.28398
0.29244	-2.04434
1.71684	2.6379
-0.363009	-3.55644
2.76625	-2.88067
-2.87222	-2.48694
0.353189	-2.16607
-2.77104	1.94043
2.86422	2.63699
2.26084	-2.88501
-3.50209	3.68068
-3.43243	2.12108
3.53429	-3.12138
-3.54731	-3.16888
1.28452	3.64597
-2.14094	-3.10197
-2.99097	2.34352
-3.52904	3.12115
-1.14864	-2.60044
2.32342	-3.50117
-3.66447	3.41325
0.357528	2.06901
-2.72057	-2.32959
1.05249	3.49912
-0.651681	-3.38082
-3.24014	1.83811
-2.20238	2.4166
-3.02934	-2.47072
3.60783	2.28505
3.36369	3.69256
-3.25521	2.95169
2.71532	2.04548
-2.09801	3.5183
1.59831	2.88341
-0.6293	2.90008
-2.39353	3.63615
0.744632	3.15541
-2.24486	3.21022
1.63737	-2.31474
1.60471	2.35425
3.31916	-2.4641
0.95634	-3.25726
-2.83019	2.95946
-0.861334	2.76648
3.01678	2.23024
0.361411	2.7498
-0.00148447	-3.165
1.43228	-3.72042
2.2476	-3.43152
2.92817	-3.371
0.808121	-2.1784
-3.41941	-1.34093
-0.507574	-3.09763
-2.28208	-3.35296
-1.93335	3.40799
3.5505	-2.03132
-3.54616	-3.11339
1.25575	2.37755
1.07601	2.97933
-0.609888	-3.55895
-2.12359	2.95398
1.86757	-3.30363
3.50551	1.23291
-0.845119	2.18822
1.93403	3.54274
2.19872	-2.83408
2.32753	2.19393
3.66127	0.631127
3.11772	-3.25772
-2.02127	-2.33644
-3.18669	2.65754
0.234888	3.19629
-2.2444	2.8608
0.676346	-2.81672
-2.53102	2.55819
-1.46791	3.49798
0.094435	2.25856
2.27866	2.37595
-0.374657	3.42489
3.02066	-3.56558
3.44887	-1.98085
-0.0254643	-3.18784
1.48504	-2.93365
-0.210452	2.09573
3.43243	-3.44179
2.08499	2.44652
0.606234	-3.32167
3.17231	-1.62869
3.4169	1.77348
0.456188	-3.5569
-3.49455	1.42018
3.09534	-3.08918
1.92033	3.50551
2.25536	-3.65099
-0.697814	-2.43396
2.18639	-2.27752
0.716541	-2.42185
2.36658	2.38006
-1.71091	2.22248
-2.14848	-3.44887
1.35852	2.70299
0.831188	3.13668
2.72468	3.07182
-3.52675	3.51967
-3.19309	-2.49927
1.00567	-2.7498
-2.66302	-3.50323
2.09778	-3.5601
-2.40792	-3.64871
-1.49532	3.36871
2.98937	-3.08621
3.14262	2.77538
-1.79815	-2.90465
2.00757	2.64452
-1.0228	-3.07159
2.996	3.72636
3.04556	1.94545
-0.957482	3.34633
2.05599	-2.17817
3.20793	2.87085
0.994479	-2.44697
2.22773	2.70733
-1.23131	3.56626
1.19363	-3.2616
2.81398	2.63653
-1.19477	-2.5059
1.40419	3.4644
-3.10653	3.50894
-0.239913	-3.47971
-3.5247	3.43517
-3.18076	3.06497
-1.77394	2.62968
3.59001	2.96083
2.23983	3.52835
2.19393	2.62077
-3.71973	-0.728188
1.0534	-3.13668
2.30355	-2.67627
0.679544	2.45497
-3.35296	-3.56215
-1.31421	2.46798
-0.556447	2.29898
-0.0149589	2.67238
3.07547	-3.63843
-0.458929	2.86788
-2.73907	3.01792
2.90054	2.70596
